1665 1699 1668 1669 1672 1674 1676 1677 1652 1654 1658 1662 1663
1408 1409 1411 1413 1415 1416 1419 1420 1421 1422 1423 1424 1425 1426 1427 1428 1431 1432 1433 1435 1438 1439 1440 1442 1444 1453 1454 1455 1457 1463 1464 1337 1466 1471 1475 1476 1477 1478 1351 1480 1482 1483 1363 1382 1383 1384 1388 1392 1395 1396 1397 1399 1403 1404 1405
899 900 523 1035 401 535 1053 808 939 1068 433 1074 947 436 702 703 576 449 1086 1088 585 588 1101 976 465 1109 728 732 862 608 737 612 489 748 502 760 505
1264 1234 1179 1220
3257 3325 3142
1697 1667 1701 1704 1706 1707 1677 1683 1657 1695
2311 2234 1964 2060 2317 1744 2008 2042 2200
3010 3042 2662 2508 2862 2420 2677 2999
2400 2848 2467 2757 2567 2728 2951 2474 2983 2610 2642 2644 2742 2359 3064 3033 2620 2845 2750
1281 1283 1158 1166 1187 1315 1318 1192 1327 1203 1224 1226 1235 1243 1251 1252 1130 1270 1274 1150 1151
2944 2497 2658 2651 2408 2409 2824 2379 2797 2416 2807 2393 2394 2555
1121 1124 1221 1162 1136 1168 1266 1328 1209 1242
1824 2147 2303 2184 1865 1961 2251 2298 1869 1911 1808 1842 2164 1814 1879 2169 1786 2332 1914 2207
193 290 35 259 101 295 104 123 44 13 15 175 305 84 279 281 27 311 30
2562 2724 2343 2890 3052 2478 2734 2577 2865 3058 2710 2970
2406 2439 2844 2750 2655
1376 1410 1379 1381 1353 1354 1401 1449 1467 1337 1338 1339
2568 2699 2576 2967 2969 2850 2470 2344 2345 2346 2478 2608 2866 2483 2359 2883 2884 2637 2383 2895 2776 2530 2545 2674 2421 2812
2423 2648 2395 2493 2814
2568 2576 2938 2986
551 520 875 461 718 463 434 1106 405 922
131 163 263 44 81 113 156 95
3428 3154 3349 3382 3318 3545
193 35 37 295 104 13 302 15 84 311 281 123 28
3608 3611 3580 3614
1646 1494 1623 1594 1501
1957 2246 2062 1905 2098 2259 1716 2100 2236 2047
3072 2657 2945 2597 2727 2730 2928 3006 2969 3066 2942 2559
1571 1540 1636 1545 1610 1641 1581 1555 1535
227 100 167 72 199 231 267 236 205 46 303 176 147 53 118 87 24 219 63
198 262 234 218 253 158
1538 1539 1542 1543 1553 1564 1567 1578 1582 1585 1601 1608 1611 1488 1494 1628 1645 1518 1649 1529 1532
1537 1541 1543 1551 1554 1559 1566 1577 1579 1583 1586 1589 1593 1594 1595 1598 1603 1604 1609 1615 1616 1621 1494 1622 1627 1501 1631 1504 1636 1512 1515 1516 1644 1524 1526 1533 1535
1122 1202 1299 1273 1244
1927 2134 1887
3257 3325 3449
2819 3075 2438 2439 2566 2823 2825 2828 2706 2963 2712 2714 2844 2595 2726 2344 2345 2733 2861 2863 2993 2611 2867 2489 2490 2879 2498 2885 2375 2632 2759 2760 2507 2813 2765 2510 2383 3026 2515 2776 2905 2395 2654 2655 3040 2530 2403 2406 2535 2668 2927 2544 2417 2545 2676 2935 2808 2937 2685
482 323 548 706 834 933 829 524 333 941 431 725 603 445 382 735
2568 2383 2359
1217 1282 1219 1156 1157 1241 1160 1289 1290 1228 1230 1199 1169 1138 1265 1278 1176 1145 1148 1182
1506 1606 1511 1549 1645 1620 1525 1557 1558 1592 1531 1565
2020 1767 2120 1994 2285 1934 1843 1944 2009 1946 2044 1981
3012 2953 3019 2871 2909
1215 1227 1324 1261 1134 1230 1300 1181 1143 1239 1307 1213 1183
1761 1770 1866 2219 1712 1904 1714 2000 1849 1790
3403 3396 3125
4 8 268 19 278 157 29 31 164 40 171 299 49 50 177 180 184 71 76 83 85 91 223 225 228 230 238 114 121 252 125
1152 1272 1280 1284 1157 1286 1159 1288 1291 1165 1166 1293 1295 1296 1170 1171 1298 1178 1306 1180 1308 1309 1310 1311 1312 1186 1313 1317 1319 1321 1322 1326 1200 1329 1330 1332 1206 1334 1212 1216 1217 1219 1222 1225 1227 1230 1236 1240 1241 1246 1247 1248 1254 1127 1128 1255 1131 1132 1133 1262 1135 1263 1265 1139 1269 1142 1271 1144 1146 1275 1148 1279
2187 1942 2167 2203 1819 2081 1831 1838 2095 2101 2108 1882 2140 2141 2274 2154 2289 2036 1782 2166 1917
1120 1121 1314 1322 1195 1196 1327 1246 1119
3201 3202 3458 3205 3337 3211 3213 3215 3472 3349 3350 3351 3102 3235 3497 3499 3246 3252 3382 3383 3257 3387 3390 3263 3394 3395 3142 3401 3406 3154 3410 3285 3413 3543 3545 3423 3428 3435 3182 3438 3440 3313 3186 3315 3318 3449 3451 3324 3325 3198
1216 1123 1189 1222 1194 1325 1327 1201 1298 1141 1173 1175 1237 1269 1275 1308 1149 1278
2528 2560 2913 2601 2733 2961 2994 2678 2907 2397
3610 3603 3582 3598
1666 1672 1674 1675 1676 1677 1652 1654 1655 1656 1658 1659 1663
65 132 250 139 304 148 186 188
1760 2240 2242 1733 2213 1864 2249 1980 1900 1966 2331 1907 1973 2005 2297 2235 1756 2237
2434 2435 2436 2437 2440 3080 2442 3081 3082 2445 2701 2447 2448 2577 2450 2451 2452 2964 2454 2456 3083 2458 2460 2461 2716 2463 2591 2593 2343 2729 2605 2350 2355 2995 2357 3063 2363 2364 2875 2367 3007 3009 2626 2371 2886 2769 2386 2387 2898 2773 2390 2778 3071 2531 2404 3043 2920 3049 3050 2412 2796 3056 3059 2550 3062 2809 2427 3068 3070 2431
1440 1476 1477 1480 1419 1392 1460 1433
1513 1594 1650 1647
1408 1410 1412 1417 1439 1442 1451 1337 1339 1340 1341 1342 1343 1344 1345 1346 1347 1348 1349 1350 1468 1352 1474 1354 1355 1356 1357 1358 1359 1360 1361 1481 1363 1364 1365 1366 1367 1368 1369 1370 1371 1372 1373 1374 1375 1376 1377 1378 1379 1380 1381 1389 1397 1398
448 955 358 614 743 775 554 998 460 1034 816 976 946 756 984 824 411 990 799
3586 3588 3589 3590 3591 3593 3596 3600 3605 3606 3607 3609 3612 3613 3615 3616 3618 3619 3574 3575 3583
1344 1346 1357 1359 1361 1371 1339 1342
2432 3072 2435 2949 2699 2576 2453 2968 2459 2715 2590 2850 2853 2346 2602 2477 2478 2351 2990 2866 2358 2617 3001 2748 3005 2498 2883 2884 2885 3011 2760 2764 2637 3021 2768 2385 3028 2654 2657 2530 2664 2665 2927 2548 2676 3065 2554 2812 2559
137 10 267 143 145 149 277 280 282 293 300 301 46 181 185 58 190 62 191 67 196 210 213 215 87 226 103 107 237 120
1542 1563 1567 1572 1578 1582 1584 1585 1587 1592 1597 1601 1605 1613 1486 1614 1617 1618 1494 1495 1498 1628 1503 1634 1508 1510 1518 1521 1651 1528 1529
2625 2924 2992 2395 2587 2462
2568 3021 2886
3087 3471 3220 3229 3486 3104 3246 3247 3377 3511 3136 3273 3280 3538 3290 3546 3294 3166 3169 3559 3312 3315 3445 3447
129 77 60 117 124
135 146 23
2344 2345 2403
224 229 230 200 264 75 141 110 47 112 239 51 211 214 312 251 61
522 657 786 403 533 666 552 936 941 948 441 315 316 829 318 320 321 707 325 326 582 1093 1094 330 333 334 847 593 338 723 342 477 359 360 1002 1003 882 500 501
1418 1429 1430 1434 1437 1441 1443 1447 1450 1458 1459 1461 1462 1465 1469 1473 1479 1366 1385 1386 1387 1390 1391 1402 1406 1407
2528 2377 2764 2483 2966 2617 2969
2760 2721 2895 2776
1 194 11 36
2392 2984 2954 2854
3104 3559 3213 3351 3546 3229 3198
3459 3497 3313 3252 3124 3383 3452 3451 3420
1697 1667 1701 1702 1704 1673 1706 1707 1677 1709 1683 1684 1657 1660 1695
1600 1601 1634 1597 1510 1613 1645 1488 1521 1617 1587 1498 1501 1567
3435 3516 3214
1504 1600 1570 1604 1541 1606 1577 1579 1517 1613 1585 1618 1493 1494 1560 1596 1501
3545 3410 3406 3263
2049 2050 2178 2180 2182 2057 2320 2065 2322 2323 2328 1945 1818 2077 1822 2079 2205 1915 1956 1959 2043 2215 2092 1967 2224 1717 1853 1726 1859 1860 1987 1734 2119 1992 1741 1998 1999 1872 2126 2129 2257 2004 2136 1881 1753 1754 2137 2013 2014 2143 2268 1891 1764 2148 1766 2276 2277 2156 2284 2159 2288 1777 2161 1779 1910 2294 2170 1787 1789 2175
3584 3617 3592 3604 3577 3579
2533 2790 2663 2888 2981 2680 2736 2679 2488 2715
3200 3337 3315 3255
2498 2674 2421 2938 2395
1537 1541 1543 1544 1550 1551 1554 1555 1559 1560 1561 1565 1566 1570 1571 1575 1576 1577 1578 1579 1583 1586 1588 1589 1593 1594 1598 1599 1600 1602 1603 1604 1607 1609 1610 1484 1612 1614 1615 1618 1619 1493 1494 1622 1496 1623 1625 1499 1626 1501 1627 1630 1504 1505 1631 1632 1633 1635 1636 1638 1512 1513 1514 1515 1516 1644 1647 1651 1524 1526 1533 1535
1664 1682 1678
2753 2693 2470 2860 2388 2548 2715
1536 1543 1545 1546 1548 1553 1554 1566 1570 1571 1586 1594 1604 1606 1610 1618 1493 1494 1622 1500 1501 1502 1631 1504 1636 1651 1535
3001 2730 2663
3169 3234 3486 3087 3315 3445 3351 3546 3324 3229 3102
1698 1700 1679 1711 1686 1690 1691
3044 2888 2984 2957 2868 2806 2650 2619 2652 2974 2687
1184 1218 1188 1189 1198 1327 1200 1232 1333
3234 3298 3458 3399 3312 3573 3191 3195 3423
1664 1696 1703 1705 1687 1692 1693 1694
2313 2314 2319 1938 1812 2073 2202 2329 2333 2335 2336 2094 1968 1845 1975 2103 1979 2121 2123 2252 2003 2261 1878 1762 1775 2287 2292
3264 3395 3560 3498 3539 3319 3547
1409 1475 1415 1482 1388 1399 1404
1285 1287 1160 1288 1290 1292 1166 1296 1299 1173 1306 1180 1309 1182 1310 1313 1188 1193 1325 1199 1327 1204 1332 1334 1207 1214 1216 1222 1228 1237 1240 1241 1244 1256 1257 1258 1139 1267 1141 1148 1149
3136 3246 3247 3280 3471 3538 3220 3447 3166
3235 3428 3205 3154 3382
130 133 136 105 296 140 241 89 126
1541 1543 1545 1551 1554 1568 1575 1576 1577 1579 1583 1585 1586 1587 1594 1596 1600 1603 1604 1607 1609 1610 1616 1617 1490 1618 1619 1493 1494 1622 1623 1498 1501 1630 1631 1504 1505 1632 1633 1638 1512 1513 1515 1647 1650 1651 1524 1533
1025 389 774 519 393 651 656 667 416 1060 557 689 817 696 828 701 577 1092 843 589 1105 982 1016 348 350 992 738 356 870 487 373 504 1019 764 893
74 43 212
1290 1291 1164 1167 1172 1301 1303 1176 1177 1187 1325 1199 1208 1223 1229 1245 1250 1125 1259 1260 1140 1268 1147 1276 1277
2818 2787 2955 2412 2349 2636 2829 2957 2804 2744 3039 2683 2813 2751
2944 2562 2724 2917 2346 2347 2701 3021 2515 2583 2397
2616 2986 2515 2947
3200 3169 3511 3337 3118 3377 3413 3255 3130 3390
2801 2482 2542 2495
3044 2534 2547 2868 2806 2650 2974
2532 2855 2571 2987 2932 2997 2780
3104 3559 3273 3087 3538 3351 3229
3585 3587 3594 3595 3578
640 516 398 1040 915 916 1044 1047 669 421 430 451 838 711 1096 467 1107 346 354 357 613 364 1005 751 754 883 1013
1669 1682 1685 1688 1691
2113 2212 2054 2025 1834 2099 1749 2038 1817 1851
2881 3074 2410 2641 2931
705 386 455 457 499 693 566 444 605 604
2688 2752 2912 3073 2692 3045 2855 2827 2604 2828 2830 2511 2893 2941 2872 2807 2424 2939 2428 2781
2468 3076 2536 2892 2381 3021 3022 2705 2578 2674 3032 2488 2585 2490 3065