3621 1
0 0.0001301560788311984
1 8.677071922079894e-05
2 0.0001301560788311984
3 8.677071922079894e-05
4 9.761705912339881e-05
5 4.338535961039947e-05
6 0.00011930973892859855
7 4.338535961039947e-05
8 0.00021692679805199736
9 9.761705912339881e-05
10 0.00021692679805199736
11 9.761705912339881e-05
12 8.677071922079894e-05
13 8.677071922079894e-05
14 6.50780394155992e-05
15 8.677071922079894e-05
16 0.00021692679805199736
17 8.677071922079894e-05
18 6.50780394155992e-05
19 0.00015184875863639814
20 0.00021692679805199736
21 0.00021692679805199736
22 4.338535961039947e-05
23 9.761705912339881e-05
24 8.677071922079894e-05
25 0.00014100241873379828
26 0.00014100241873379828
27 5.423169951299934e-05
28 1.0846339902599867e-05
29 1.0846339902599867e-05
30 1.0846339902599867e-05
31 9.761705912339881e-05
32 7.592437931819907e-05
33 0.00011930973892859855
34 0.00021692679805199736
35 9.761705912339881e-05
36 1.0846339902599867e-05
37 5.423169951299934e-05
38 0.00010846339902599868
39 4.338535961039947e-05
40 0.00014100241873379828
41 1.0846339902599867e-05
42 9.761705912339881e-05
43 6.50780394155992e-05
44 1.0846339902599867e-05
45 0.00015184875863639814
46 6.50780394155992e-05
47 0.00017354143844159787
48 0.00021692679805199736
49 0.00011930973892859855
50 2.1692679805199734e-05
51 0.00017354143844159787
52 7.592437931819907e-05
53 2.1692679805199734e-05
54 0.00019523411824679763
55 5.423169951299934e-05
56 5.423169951299934e-05
57 0.00010846339902599868
58 0.00015184875863639814
59 0.00021692679805199736
60 6.50780394155992e-05
61 9.761705912339881e-05
62 1.0846339902599867e-05
63 2.1692679805199734e-05
64 0.00018438777834419776
65 8.677071922079894e-05
66 0.00011930973892859855
67 2.1692679805199734e-05
68 4.338535961039947e-05
69 8.677071922079894e-05
70 0.00011930973892859855
71 0.00015184875863639814
72 1.0846339902599867e-05
73 0.00018438777834419776
74 6.50780394155992e-05
75 9.761705912339881e-05
76 0.00011930973892859855
77 5.423169951299934e-05
78 0.00010846339902599868
79 0.0001301560788311984
80 4.338535961039947e-05
81 1.0846339902599867e-05
82 4.338535961039947e-05
83 0.00015184875863639814
84 5.423169951299934e-05
85 0.00015184875863639814
86 4.338535961039947e-05
87 2.1692679805199734e-05
88 0.00021692679805199736
89 6.50780394155992e-05
90 5.423169951299934e-05
91 0.00015184875863639814
92 5.423169951299934e-05
93 0.00014100241873379828
94 0.00021692679805199736
95 0.00011930973892859855
96 7.592437931819907e-05
97 2.1692679805199734e-05
98 0.00010846339902599868
99 0.00021692679805199736
100 4.338535961039947e-05
101 8.677071922079894e-05
102 2.1692679805199734e-05
103 0.00021692679805199736
104 9.761705912339881e-05
105 9.761705912339881e-05
106 4.338535961039947e-05
107 0.00021692679805199736
108 0.00021692679805199736
109 9.761705912339881e-05
110 0.00021692679805199736
111 0.00017354143844159787
112 3.25390197077996e-05
113 5.423169951299934e-05
114 0.00010846339902599868
115 0.00021692679805199736
116 0.0001301560788311984
117 6.50780394155992e-05
118 0.0001301560788311984
119 0.00015184875863639814
120 0.00017354143844159787
121 9.761705912339881e-05
122 0.00014100241873379828
123 8.677071922079894e-05
124 1.0846339902599867e-05
125 8.677071922079894e-05
126 8.677071922079894e-05
127 0.00019523411824679763
128 0.00021692679805199736
129 6.50780394155992e-05
130 9.761705912339881e-05
131 1.0846339902599867e-05
132 8.677071922079894e-05
133 4.338535961039947e-05
134 0.00014100241873379828
135 9.761705912339881e-05
136 5.423169951299934e-05
137 6.50780394155992e-05
138 1.0846339902599867e-05
139 1.0846339902599867e-05
140 1.0846339902599867e-05
141 9.761705912339881e-05
142 1.0846339902599867e-05
143 0.00017354143844159787
144 0.00010846339902599868
145 0.00018438777834419776
146 7.592437931819907e-05
147 4.338535961039947e-05
148 2.1692679805199734e-05
149 9.761705912339881e-05
150 2.1692679805199734e-05
151 5.423169951299934e-05
152 8.677071922079894e-05
153 0.00021692679805199736
154 0.00021692679805199736
155 5.423169951299934e-05
156 0.00021692679805199736
157 2.1692679805199734e-05
158 2.1692679805199734e-05
159 6.50780394155992e-05
160 0.0001301560788311984
161 6.50780394155992e-05
162 0.00010846339902599868
163 1.0846339902599867e-05
164 0.00015184875863639814
165 8.677071922079894e-05
166 2.1692679805199734e-05
167 1.0846339902599867e-05
168 0.00010846339902599868
169 0.00018438777834419776
170 0.00021692679805199736
171 0.00015184875863639814
172 0.00021692679805199736
173 5.423169951299934e-05
174 2.1692679805199734e-05
175 1.0846339902599867e-05
176 3.25390197077996e-05
177 0.00015184875863639814
178 8.677071922079894e-05
179 0.0001301560788311984
180 0.00010846339902599868
181 0.00021692679805199736
182 0.00021692679805199736
183 3.25390197077996e-05
184 2.1692679805199734e-05
185 0.00021692679805199736
186 0.00015184875863639814
187 1.0846339902599867e-05
188 3.25390197077996e-05
189 6.50780394155992e-05
190 0.00021692679805199736
191 0.00015184875863639814
192 0.00018438777834419776
193 8.677071922079894e-05
194 1.0846339902599867e-05
195 5.423169951299934e-05
196 8.677071922079894e-05
197 4.338535961039947e-05
198 3.25390197077996e-05
199 9.761705912339881e-05
200 0.00021692679805199736
201 0.00019523411824679763
202 6.50780394155992e-05
203 9.761705912339881e-05
204 6.50780394155992e-05
205 4.338535961039947e-05
206 3.25390197077996e-05
207 0.00015184875863639814
208 0.00018438777834419776
209 1.0846339902599867e-05
210 4.338535961039947e-05
211 0.00019523411824679763
212 6.50780394155992e-05
213 0.00018438777834419776
214 0.00021692679805199736
215 2.1692679805199734e-05
216 0.00015184875863639814
217 5.423169951299934e-05
218 1.0846339902599867e-05
219 4.338535961039947e-05
220 0.00011930973892859855
221 1.0846339902599867e-05
222 0.00017354143844159787
223 0.00015184875863639814
224 4.338535961039947e-05
225 9.761705912339881e-05
226 0.00021692679805199736
227 2.1692679805199734e-05
228 0.00015184875863639814
229 0.0001301560788311984
230 0.00011930973892859855
231 4.338535961039947e-05
232 5.423169951299934e-05
233 0.00021692679805199736
234 3.25390197077996e-05
235 5.423169951299934e-05
236 4.338535961039947e-05
237 0.00021692679805199736
238 0.00015184875863639814
239 0.00010846339902599868
240 3.25390197077996e-05
241 2.1692679805199734e-05
242 0.00021692679805199736
243 0.00021692679805199736
244 8.677071922079894e-05
245 0.00011930973892859855
246 8.677071922079894e-05
247 0.000162695098538998
248 0.00021692679805199736
249 6.50780394155992e-05
250 1.0846339902599867e-05
251 0.00021692679805199736
252 0.00010846339902599868
253 1.0846339902599867e-05
254 3.25390197077996e-05
255 0.00010846339902599868
256 0.00021692679805199736
257 1.0846339902599867e-05
258 3.25390197077996e-05
259 3.25390197077996e-05
260 0.0001301560788311984
261 0.00019523411824679763
262 2.1692679805199734e-05
263 2.1692679805199734e-05
264 9.761705912339881e-05
265 5.423169951299934e-05
266 0.00021692679805199736
267 0.00010846339902599868
268 0.00015184875863639814
269 6.50780394155992e-05
270 1.0846339902599867e-05
271 0.00015184875863639814
272 0.00014100241873379828
273 0.00021692679805199736
274 1.0846339902599867e-05
275 8.677071922079894e-05
276 2.1692679805199734e-05
277 0.00015184875863639814
278 9.761705912339881e-05
279 6.50780394155992e-05
280 6.50780394155992e-05
281 9.761705912339881e-05
282 0.00021692679805199736
283 0.00010846339902599868
284 0.00021692679805199736
285 1.0846339902599867e-05
286 6.50780394155992e-05
287 0.00010846339902599868
288 4.338535961039947e-05
289 0.00010846339902599868
290 2.1692679805199734e-05
291 0.00021692679805199736
292 0.00021692679805199736
293 0.00017354143844159787
294 0.00021692679805199736
295 9.761705912339881e-05
296 3.25390197077996e-05
297 8.677071922079894e-05
298 0.00015184875863639814
299 0.00014100241873379828
300 0.000162695098538998
301 0.00021692679805199736
302 7.592437931819907e-05
303 0.00018438777834419776
304 2.1692679805199734e-05
305 5.423169951299934e-05
306 6.50780394155992e-05
307 0.00014100241873379828
308 5.423169951299934e-05
309 0.00011930973892859855
310 0.00021692679805199736
311 9.761705912339881e-05
312 7.592437931819907e-05
313 0.0001301560788311984
314 0.00015184875863639814
315 2.1692679805199734e-05
316 2.1692679805199734e-05
317 5.423169951299934e-05
318 0.00015184875863639814
319 0.0002603121576623968
320 0.0002603121576623968
321 0.0002603121576623968
322 0.0002386194778571971
323 0.00021692679805199736
324 0.00014100241873379828
325 0.00014100241873379828
326 0.0002603121576623968
327 0.0002603121576623968
328 0.00036877555668839553
329 0.0002603121576623968
330 0.0002603121576623968
331 0.0002711584975649967
332 0.0002603121576623968
333 0.00015184875863639814
334 0.0002603121576623968
335 0.0002603121576623968
336 0.00021692679805199736
337 0.00014100241873379828
338 0.0002603121576623968
339 9.761705912339881e-05
340 0.00029285117737019644
341 0.0002603121576623968
342 0.0002603121576623968
343 0.00039046823649359526
344 0.00034708287688319574
345 0.0003362365369805959
346 2.1692679805199734e-05
347 0.0001301560788311984
348 0.0002386194778571971
349 0.00039046823649359526
350 0.0002386194778571971
351 0.00015184875863639814
352 0.0005206243153247936
353 0.00010846339902599868
354 0.000162695098538998
355 8.677071922079894e-05
356 4.338535961039947e-05
357 5.423169951299934e-05
358 0.00022777313795459722
359 0.000162695098538998
360 0.0002386194778571971
361 0.00036877555668839553
362 0.00029285117737019644
363 0.0006073950345455926
364 0.00022777313795459722
365 0.00021692679805199736
366 0.0006073950345455926
367 8.677071922079894e-05
368 0.0002603121576623968
369 0.00022777313795459722
370 0.0005965486946429927
371 6.50780394155992e-05
372 0.0002603121576623968
373 0.0002386194778571971
374 0.00017354143844159787
375 0.00036877555668839553
376 0.00036877555668839553
377 0.00021692679805199736
378 0.0006073950345455926
379 0.0006073950345455926
380 0.0002603121576623968
381 0.00021692679805199736
382 8.677071922079894e-05
383 0.00014100241873379828
384 0.0005965486946429927
385 0.00036877555668839553
386 8.677071922079894e-05
387 8.677071922079894e-05
388 0.00039046823649359526
389 0.0002386194778571971
390 0.000574856014837793
391 7.592437931819907e-05
392 0.0002060804581493975
393 0.0002386194778571971
394 0.00018438777834419776
395 0.00015184875863639814
396 0.0006073950345455926
397 0.0005640096749351931
398 0.00022777313795459722
399 0.00029285117737019644
400 0.00014100241873379828
401 0.0002603121576623968
402 0.00039046823649359526
403 0.00021692679805199736
404 0.0006073950345455926
405 8.677071922079894e-05
406 0.0006073950345455926
407 0.00039046823649359526
408 0.000412160916298795
409 0.000412160916298795
410 0.00036877555668839553
411 4.338535961039947e-05
412 0.00036877555668839553
413 0.0003362365369805959
414 9.761705912339881e-05
415 0.00010846339902599868
416 0.0002386194778571971
417 0.0006073950345455926
418 0.00022777313795459722
419 3.25390197077996e-05
420 0.000488085295616994
421 0.0002603121576623968
422 0.0005314706552273935
423 0.0001301560788311984
424 0.0006073950345455926
425 0.00015184875863639814
426 5.423169951299934e-05
427 0.00039046823649359526
428 0.00021692679805199736
429 0.00021692679805199736
430 0.0002603121576623968
431 8.677071922079894e-05
432 0.00036877555668839553
433 0.00034708287688319574
434 8.677071922079894e-05
435 0.0006073950345455926
436 0.00036877555668839553
437 0.00039046823649359526
438 0.00036877555668839553
439 0.00039046823649359526
440 0.0005314706552273935
441 0.00022777313795459722
442 0.0005531633350325932
443 0.0004230072562013948
444 8.677071922079894e-05
445 3.25390197077996e-05
446 0.00036877555668839553
447 0.00014100241873379828
448 0.00019523411824679763
449 0.00039046823649359526
450 0.00021692679805199736
451 4.338535961039947e-05
452 0.000412160916298795
453 0.00021692679805199736
454 0.00014100241873379828
455 8.677071922079894e-05
456 0.00029285117737019644
457 8.677071922079894e-05
458 0.000498931635519594
459 0.00022777313795459722
460 0.00022777313795459722
461 6.50780394155992e-05
462 0.00034708287688319574
463 4.338535961039947e-05
464 0.0006073950345455926
465 0.00039046823649359526
466 8.677071922079894e-05
467 0.00018438777834419776
468 0.00036877555668839553
469 0.00039046823649359526
470 0.00034708287688319574
471 0.00022777313795459722
472 0.00021692679805199736
473 0.00034708287688319574
474 0.0004663926158117943
475 9.761705912339881e-05
476 0.0006073950345455926
477 0.0002603121576623968
478 0.00029285117737019644
479 0.00039046823649359526
480 0.000162695098538998
481 0.0006073950345455926
482 4.338535961039947e-05
483 9.761705912339881e-05
484 7.592437931819907e-05
485 8.677071922079894e-05
486 0.0002060804581493975
487 0.0002386194778571971
488 0.0001301560788311984
489 0.00036877555668839553
490 0.00039046823649359526
491 0.00036877555668839553
492 7.592437931819907e-05
493 0.00039046823649359526
494 0.00021692679805199736
495 0.0006073950345455926
496 0.00036877555668839553
497 0.00021692679805199736
498 0.00037962189659099537
499 8.677071922079894e-05
500 0.0002603121576623968
501 0.0002603121576623968
502 0.00036877555668839553
503 0.0006073950345455926
504 0.0002386194778571971
505 0.00039046823649359526
506 0.00021692679805199736
507 0.0002603121576623968
508 0.0004663926158117943
509 0.0006073950345455926
510 0.0006073950345455926
511 0.00011930973892859855
512 0.0005857023547403929
513 0.00039046823649359526
514 0.000498931635519594
515 0.00021692679805199736
516 3.25390197077996e-05
517 0.0005206243153247936
518 0.000162695098538998
519 0.0002386194778571971
520 8.677071922079894e-05
521 0.0002060804581493975
522 0.000249465817759797
523 0.00014100241873379828
524 0.00015184875863639814
525 0.0006073950345455926
526 4.338535961039947e-05
527 0.00039046823649359526
528 0.0006073950345455926
529 0.00010846339902599868
530 0.00017354143844159787
531 0.0006073950345455926
532 6.50780394155992e-05
533 0.0002603121576623968
534 0.0005965486946429927
535 0.00039046823649359526
536 0.00022777313795459722
537 0.0005314706552273935
538 0.00014100241873379828
539 7.592437931819907e-05
540 0.00011930973892859855
541 0.00036877555668839553
542 0.00021692679805199736
543 0.000162695098538998
544 0.00022777313795459722
545 8.677071922079894e-05
546 0.0006073950345455926
547 0.0005640096749351931
548 0.00014100241873379828
549 0.0005965486946429927
550 1.0846339902599867e-05
551 8.677071922079894e-05
552 0.0002603121576623968
553 0.000325390197077996
554 0.00022777313795459722
555 0.0006073950345455926
556 0.0006073950345455926
557 0.00017354143844159787
558 0.000162695098538998
559 0.00021692679805199736
560 0.00021692679805199736
561 0.00036877555668839553
562 0.00039046823649359526
563 5.423169951299934e-05
564 0.00034708287688319574
565 0.0002386194778571971
566 8.677071922079894e-05
567 0.0006073950345455926
568 2.1692679805199734e-05
569 6.50780394155992e-05
570 0.00039046823649359526
571 0.0005640096749351931
572 0.0005206243153247936
573 0.0002603121576623968
574 0.0006073950345455926
575 0.00015184875863639814
576 0.0003145438571753962
577 0.0002386194778571971
578 0.00022777313795459722
579 8.677071922079894e-05
580 0.00037962189659099537
581 0.0006073950345455926
582 0.00019523411824679763
583 0.00021692679805199736
584 0.00021692679805199736
585 0.00039046823649359526
586 0.00018438777834419776
587 0.00036877555668839553
588 0.00039046823649359526
589 0.0002386194778571971
590 0.00010846339902599868
591 0.00039046823649359526
592 0.00021692679805199736
593 0.0002603121576623968
594 0.0006073950345455926
595 3.25390197077996e-05
596 0.00019523411824679763
597 0.0006073950345455926
598 9.761705912339881e-05
599 0.00035792921678579564
600 0.00021692679805199736
601 0.00021692679805199736
602 4.338535961039947e-05
603 0.00011930973892859855
604 2.1692679805199734e-05
605 4.338535961039947e-05
606 0.0006073950345455926
607 0.0006073950345455926
608 0.00039046823649359526
609 0.00022777313795459722
610 0.00021692679805199736
611 0.00021692679805199736
612 0.00036877555668839553
613 1.0846339902599867e-05
614 5.423169951299934e-05
615 0.00017354143844159787
616 5.423169951299934e-05
617 0.0006073950345455926
618 7.592437931819907e-05
619 0.0006073950345455926
620 0.000574856014837793
621 0.00036877555668839553
622 0.000162695098538998
623 0.00021692679805199736
624 0.00039046823649359526
625 0.00039046823649359526
626 0.00036877555668839553
627 0.00036877555668839553
628 0.000162695098538998
629 0.00039046823649359526
630 0.00022777313795459722
631 0.0005640096749351931
632 0.0005314706552273935
633 0.00039046823649359526
634 0.0002060804581493975
635 0.0002060804581493975
636 4.338535961039947e-05
637 0.00039046823649359526
638 0.00021692679805199736
639 0.0002603121576623968
640 5.423169951299934e-05
641 0.00036877555668839553
642 0.00021692679805199736
643 0.0005965486946429927
644 0.00021692679805199736
645 0.000162695098538998
646 0.00036877555668839553
647 0.00021692679805199736
648 0.00021692679805199736
649 0.0005314706552273935
650 0.0002603121576623968
651 0.00022777313795459722
652 0.00037962189659099537
653 0.0003362365369805959
654 0.00010846339902599868
655 0.0002603121576623968
656 0.0002386194778571971
657 0.0002603121576623968
658 0.000162695098538998
659 0.00039046823649359526
660 0.0005423169951299934
661 0.00036877555668839553
662 0.00014100241873379828
663 0.000249465817759797
664 0.00014100241873379828
665 0.0006073950345455926
666 0.0002603121576623968
667 0.0002386194778571971
668 0.0005640096749351931
669 0.000162695098538998
670 0.00022777313795459722
671 0.0005640096749351931
672 0.0006073950345455926
673 0.00022777313795459722
674 0.00039046823649359526
675 0.00039046823649359526
676 0.00021692679805199736
677 0.0002603121576623968
678 0.0003036975172727963
679 0.000498931635519594
680 0.0006073950345455926
681 3.25390197077996e-05
682 0.00021692679805199736
683 0.00010846339902599868
684 0.00022777313795459722
685 0.0002603121576623968
686 0.000162695098538998
687 0.0006073950345455926
688 2.1692679805199734e-05
689 0.0002060804581493975
690 0.00011930973892859855
691 0.00022777313795459722
692 0.0006073950345455926
693 8.677071922079894e-05
694 0.000249465817759797
695 0.0005965486946429927
696 0.0002386194778571971
697 0.00036877555668839553
698 0.0002603121576623968
699 0.0006073950345455926
700 0.0006073950345455926
701 0.0002386194778571971
702 0.00039046823649359526
703 0.00028200483746759655
704 0.00036877555668839553
705 8.677071922079894e-05
706 0.00014100241873379828
707 5.423169951299934e-05
708 0.0006073950345455926
709 0.00036877555668839553
710 0.00029285117737019644
711 1.0846339902599867e-05
712 0.00036877555668839553
713 0.000162695098538998
714 0.0003362365369805959
715 0.0006073950345455926
716 0.00021692679805199736
717 0.0005314706552273935
718 8.677071922079894e-05
719 0.00039046823649359526
720 0.00021692679805199736
721 0.00029285117737019644
722 0.0002386194778571971
723 0.00022777313795459722
724 0.0005640096749351931
725 0.00015184875863639814
726 9.761705912339881e-05
727 0.00019523411824679763
728 0.00039046823649359526
729 7.592437931819907e-05
730 0.00021692679805199736
731 4.338535961039947e-05
732 0.00017354143844159787
733 0.00010846339902599868
734 0.0006073950345455926
735 0.000162695098538998
736 0.00011930973892859855
737 0.00039046823649359526
738 0.000162695098538998
739 0.00021692679805199736
740 0.00039046823649359526
741 0.0002603121576623968
742 0.00021692679805199736
743 0.0002603121576623968
744 0.0006073950345455926
745 0.00039046823649359526
746 0.000162695098538998
747 0.0002711584975649967
748 0.00022777313795459722
749 0.0003145438571753962
750 0.00034708287688319574
751 0.00021692679805199736
752 0.00017354143844159787
753 7.592437931819907e-05
754 3.25390197077996e-05
755 6.50780394155992e-05
756 0.00022777313795459722
757 7.592437931819907e-05
758 0.0002603121576623968
759 0.0006073950345455926
760 0.00039046823649359526
761 0.000574856014837793
762 9.761705912339881e-05
763 0.00029285117737019644
764 0.0002386194778571971
765 0.00017354143844159787
766 0.00036877555668839553
767 0.0006073950345455926
768 0.000249465817759797
769 0.00039046823649359526
770 0.00039046823649359526
771 0.00021692679805199736
772 8.677071922079894e-05
773 0.0006073950345455926
774 0.0002386194778571971
775 0.00021692679805199736
776 0.0006073950345455926
777 0.00022777313795459722
778 0.000249465817759797
779 0.00039046823649359526
780 0.00039046823649359526
781 0.0005314706552273935
782 0.000162695098538998
783 0.00021692679805199736
784 0.00035792921678579564
785 4.338535961039947e-05
786 0.0002603121576623968
787 0.0006073950345455926
788 0.00022777313795459722
789 8.677071922079894e-05
790 0.0002386194778571971
791 0.000162695098538998
792 0.00036877555668839553
793 0.00021692679805199736
794 0.00017354143844159787
795 8.677071922079894e-05
796 0.00021692679805199736
797 0.00036877555668839553
798 0.00022777313795459722
799 0.00021692679805199736
800 0.00010846339902599868
801 7.592437931819907e-05
802 0.00021692679805199736
803 0.00034708287688319574
804 0.0006073950345455926
805 0.000162695098538998
806 0.0002603121576623968
807 0.0002603121576623968
808 0.00036877555668839553
809 0.00011930973892859855
810 0.0006073950345455926
811 0.0006073950345455926
812 0.00037962189659099537
813 0.00022777313795459722
814 0.0002060804581493975
815 0.00021692679805199736
816 0.00015184875863639814
817 0.0002386194778571971
818 9.761705912339881e-05
819 0.00022777313795459722
820 0.00011930973892859855
821 0.000488085295616994
822 0.00034708287688319574
823 0.00021692679805199736
824 0.0005206243153247936
825 0.0002603121576623968
826 7.592437931819907e-05
827 0.00022777313795459722
828 0.0002386194778571971
829 0.0002386194778571971
830 0.00035792921678579564
831 0.0006073950345455926
832 0.000162695098538998
833 0.0006073950345455926
834 0.000162695098538998
835 0.00018438777834419776
836 0.0006073950345455926
837 0.00015184875863639814
838 8.677071922079894e-05
839 0.0006073950345455926
840 0.0002603121576623968
841 0.00010846339902599868
842 0.000162695098538998
843 0.0002386194778571971
844 0.00022777313795459722
845 0.0005965486946429927
846 0.00039046823649359526
847 0.0002603121576623968
848 0.00017354143844159787
849 0.00039046823649359526
850 9.761705912339881e-05
851 0.00034708287688319574
852 4.338535961039947e-05
853 0.0005423169951299934
854 0.00036877555668839553
855 0.00039046823649359526
856 0.0006073950345455926
857 7.592437931819907e-05
858 0.00039046823649359526
859 0.000162695098538998
860 0.0006073950345455926
861 0.0005314706552273935
862 0.00039046823649359526
863 0.0002603121576623968
864 0.000162695098538998
865 0.00036877555668839553
866 0.00039046823649359526
867 0.0006073950345455926
868 7.592437931819907e-05
869 0.0005640096749351931
870 0.0002386194778571971
871 0.00011930973892859855
872 0.0006073950345455926
873 0.0005640096749351931
874 0.0002603121576623968
875 4.338535961039947e-05
876 0.0006073950345455926
877 0.00039046823649359526
878 0.0006073950345455926
879 0.0006073950345455926
880 0.0005314706552273935
881 0.000162695098538998
882 0.0002603121576623968
883 0.00019523411824679763
884 0.0005965486946429927
885 0.0005640096749351931
886 0.0006073950345455926
887 0.0006073950345455926
888 0.0005640096749351931
889 0.00021692679805199736
890 0.00021692679805199736
891 0.00019523411824679763
892 0.00039046823649359526
893 0.0002060804581493975
894 0.00022777313795459722
895 8.677071922079894e-05
896 0.0005314706552273935
897 0.00021692679805199736
898 0.00021692679805199736
899 0.0003145438571753962
900 0.00039046823649359526
901 0.0005531633350325932
902 0.00034708287688319574
903 0.0005314706552273935
904 9.761705912339881e-05
905 5.423169951299934e-05
906 0.0002603121576623968
907 0.000162695098538998
908 0.00039046823649359526
909 0.0002386194778571971
910 0.0002603121576623968
911 0.00017354143844159787
912 4.338535961039947e-05
913 0.00039046823649359526
914 0.0001301560788311984
915 4.338535961039947e-05
916 0.00018438777834419776
917 0.0005314706552273935
918 0.00021692679805199736
919 0.00036877555668839553
920 0.0006073950345455926
921 0.0006073950345455926
922 4.338535961039947e-05
923 0.0006073950345455926
924 9.761705912339881e-05
925 0.00018438777834419776
926 0.0006073950345455926
927 0.0006073950345455926
928 0.0002060804581493975
929 0.00018438777834419776
930 0.0002603121576623968
931 0.00010846339902599868
932 0.0006073950345455926
933 0.0001301560788311984
934 0.0002603121576623968
935 9.761705912339881e-05
936 0.00022777313795459722
937 0.00039046823649359526
938 0.00021692679805199736
939 0.00036877555668839553
940 0.0006073950345455926
941 9.761705912339881e-05
942 0.00021692679805199736
943 0.000162695098538998
944 0.0004663926158117943
945 0.0006073950345455926
946 1.0846339902599867e-05
947 0.00039046823649359526
948 0.0002603121576623968
949 2.1692679805199734e-05
950 0.00022777313795459722
951 0.0002386194778571971
952 7.592437931819907e-05
953 7.592437931819907e-05
954 0.000162695098538998
955 0.00022777313795459722
956 0.0002060804581493975
957 0.00022777313795459722
958 0.00022777313795459722
959 0.000162695098538998
960 0.0003145438571753962
961 0.0006073950345455926
962 0.00021692679805199736
963 3.25390197077996e-05
964 0.000574856014837793
965 3.25390197077996e-05
966 0.0006073950345455926
967 0.00039046823649359526
968 0.00039046823649359526
969 0.0006073950345455926
970 0.0002386194778571971
971 0.00015184875863639814
972 0.00036877555668839553
973 0.00035792921678579564
974 0.00021692679805199736
975 9.761705912339881e-05
976 0.00021692679805199736
977 0.0003145438571753962
978 0.00036877555668839553
979 0.0006073950345455926
980 7.592437931819907e-05
981 0.00036877555668839553
982 0.0002386194778571971
983 0.0006073950345455926
984 0.00021692679805199736
985 0.0001301560788311984
986 0.0002603121576623968
987 0.00036877555668839553
988 0.000162695098538998
989 0.0002603121576623968
990 0.00017354143844159787
991 0.0006073950345455926
992 0.00019523411824679763
993 0.00036877555668839553
994 0.0006073950345455926
995 0.0005640096749351931
996 0.0006073950345455926
997 0.00010846339902599868
998 2.1692679805199734e-05
999 0.0006073950345455926
1000 0.0002603121576623968
1001 0.0002603121576623968
1002 0.0002603121576623968
1003 0.0002603121576623968
1004 0.0006073950345455926
1005 0.0002386194778571971
1006 0.00021692679805199736
1007 0.0004338535961039947
1008 0.00021692679805199736
1009 0.0002711584975649967
1010 4.338535961039947e-05
1011 4.338535961039947e-05
1012 0.0002603121576623968
1013 0.000162695098538998
1014 0.00019523411824679763
1015 0.00036877555668839553
1016 0.000162695098538998
1017 0.0002060804581493975
1018 0.00036877555668839553
1019 0.0002386194778571971
1020 8.677071922079894e-05
1021 0.0002603121576623968
1022 0.0006073950345455926
1023 0.0002603121576623968
1024 0.0005423169951299934
1025 0.0002386194778571971
1026 0.0006073950345455926
1027 0.0006073950345455926
1028 0.00021692679805199736
1029 0.00011930973892859855
1030 0.000162695098538998
1031 0.0006073950345455926
1032 0.00017354143844159787
1033 0.000162695098538998
1034 0.00022777313795459722
1035 8.677071922079894e-05
1036 0.0005965486946429927
1037 0.0005965486946429927
1038 0.00036877555668839553
1039 0.0006073950345455926
1040 7.592437931819907e-05
1041 0.0002060804581493975
1042 0.0006073950345455926
1043 0.00014100241873379828
1044 0.00022777313795459722
1045 0.0005314706552273935
1046 0.00036877555668839553
1047 0.00028200483746759655
1048 0.0006073950345455926
1049 0.00036877555668839553
1050 0.000162695098538998
1051 0.0005965486946429927
1052 0.0006073950345455926
1053 0.00036877555668839553
1054 0.000162695098538998
1055 0.00017354143844159787
1056 0.0003362365369805959
1057 0.0006073950345455926
1058 0.0006073950345455926
1059 0.0002386194778571971
1060 0.0002386194778571971
1061 3.25390197077996e-05
1062 0.0006073950345455926
1063 0.00039046823649359526
1064 0.0002603121576623968
1065 0.0005531633350325932
1066 0.000249465817759797
1067 0.000162695098538998
1068 0.00035792921678579564
1069 0.00022777313795459722
1070 0.000249465817759797
1071 0.00011930973892859855
1072 0.00039046823649359526
1073 0.000162695098538998
1074 0.00039046823649359526
1075 8.677071922079894e-05
1076 0.0005423169951299934
1077 0.00039046823649359526
1078 0.0002603121576623968
1079 7.592437931819907e-05
1080 0.000162695098538998
1081 0.0006073950345455926
1082 0.0005965486946429927
1083 0.00015184875863639814
1084 0.0002386194778571971
1085 0.00036877555668839553
1086 0.00039046823649359526
1087 0.00037962189659099537
1088 0.00028200483746759655
1089 0.00021692679805199736
1090 0.00044469993600659456
1091 0.0002603121576623968
1092 0.0002386194778571971
1093 0.0002603121576623968
1094 0.0002603121576623968
1095 0.000325390197077996
1096 0.00022777313795459722
1097 0.0006073950345455926
1098 0.00010846339902599868
1099 0.0006073950345455926
1100 8.677071922079894e-05
1101 0.0005640096749351931
1102 0.00011930973892859855
1103 0.00036877555668839553
1104 0.00036877555668839553
1105 0.0002386194778571971
1106 6.50780394155992e-05
1107 0.00022777313795459722
1108 0.000574856014837793
1109 0.00039046823649359526
1110 9.761705912339881e-05
1111 0.0006073950345455926
1112 0.00036877555668839553
1113 0.00021692679805199736
1114 0.0002060804581493975
1115 0.0003145438571753962
1116 0.0002060804581493975
1117 0.00015184875863639814
1118 0.00018438777834419776
1119 3.25390197077996e-05
1120 3.25390197077996e-05
1121 6.50780394155992e-05
1122 4.338535961039947e-05
1123 0.00015184875863639814
1124 3.25390197077996e-05
1125 0.0002060804581493975
1126 0.0003145438571753962
1127 0.00018438777834419776
1128 0.00019523411824679763
1129 2.1692679805199734e-05
1130 0.00011930973892859855
1131 0.00018438777834419776
1132 0.00029285117737019644
1133 0.00018438777834419776
1134 0.000162695098538998
1135 0.0003145438571753962
1136 6.50780394155992e-05
1137 5.423169951299934e-05
1138 0.0003145438571753962
1139 0.00019523411824679763
1140 0.0002711584975649967
1141 0.00011930973892859855
1142 0.0003145438571753962
1143 4.338535961039947e-05
1144 0.0001301560788311984
1145 0.0003145438571753962
1146 0.0003145438571753962
1147 0.00017354143844159787
1148 0.0003145438571753962
1149 0.0003145438571753962
1150 0.00010846339902599868
1151 0.00011930973892859855
1152 0.00011930973892859855
1153 1.0846339902599867e-05
1154 3.25390197077996e-05
1155 7.592437931819907e-05
1156 0.0003036975172727963
1157 0.00029285117737019644
1158 0.00011930973892859855
1159 5.423169951299934e-05
1160 0.0003145438571753962
1161 0.0003036975172727963
1162 6.50780394155992e-05
1163 0.0002711584975649967
1164 0.0003145438571753962
1165 0.00018438777834419776
1166 0.0002060804581493975
1167 0.0002711584975649967
1168 6.50780394155992e-05
1169 0.0003145438571753962
1170 0.0003145438571753962
1171 0.00018438777834419776
1172 0.0003036975172727963
1173 9.761705912339881e-05
1174 3.25390197077996e-05
1175 0.00011930973892859855
1176 0.0003036975172727963
1177 0.0002711584975649967
1178 0.0001301560788311984
1179 2.1692679805199734e-05
1180 0.0003145438571753962
1181 0.00015184875863639814
1182 0.0003145438571753962
1183 0.00021692679805199736
1184 0.00019523411824679763
1185 0.0003145438571753962
1186 0.00018438777834419776
1187 0.0003036975172727963
1188 0.000249465817759797
1189 0.00019523411824679763
1190 0.0002060804581493975
1191 0.0003145438571753962
1192 0.00011930973892859855
1193 0.000162695098538998
1194 0.000162695098538998
1195 5.423169951299934e-05
1196 0.0003145438571753962
1197 8.677071922079894e-05
1198 0.0003036975172727963
1199 0.0003145438571753962
1200 0.0003036975172727963
1201 8.677071922079894e-05
1202 0.000249465817759797
1203 9.761705912339881e-05
1204 0.0003145438571753962
1205 3.25390197077996e-05
1206 0.0003145438571753962
1207 0.0003036975172727963
1208 0.00011930973892859855
1209 6.50780394155992e-05
1210 0.00011930973892859855
1211 1.0846339902599867e-05
1212 0.0003036975172727963
1213 0.00021692679805199736
1214 0.00015184875863639814
1215 2.1692679805199734e-05
1216 8.677071922079894e-05
1217 0.00018438777834419776
1218 0.000249465817759797
1219 0.000249465817759797
1220 2.1692679805199734e-05
1221 2.1692679805199734e-05
1222 0.00018438777834419776
1223 0.0003145438571753962
1224 0.00011930973892859855
1225 0.00018438777834419776
1226 9.761705912339881e-05
1227 0.0003145438571753962
1228 0.0003145438571753962
1229 0.00017354143844159787
1230 0.00022777313795459722
1231 3.25390197077996e-05
1232 0.0003145438571753962
1233 8.677071922079894e-05
1234 1.0846339902599867e-05
1235 0.00011930973892859855
1236 0.00014100241873379828
1237 0.00028200483746759655
1238 3.25390197077996e-05
1239 0.000249465817759797
1240 0.00018438777834419776
1241 0.0003145438571753962
1242 5.423169951299934e-05
1243 0.00010846339902599868
1244 6.50780394155992e-05
1245 0.0002711584975649967
1246 5.423169951299934e-05
1247 0.00018438777834419776
1248 0.00029285117737019644
1249 0.0003145438571753962
1250 0.0003145438571753962
1251 4.338535961039947e-05
1252 0.00011930973892859855
1253 0.00029285117737019644
1254 0.0002711584975649967
1255 0.00018438777834419776
1256 0.00010846339902599868
1257 0.00010846339902599868
1258 0.0003145438571753962
1259 0.0003036975172727963
1260 0.0002060804581493975
1261 0.00021692679805199736
1262 0.00028200483746759655
1263 0.0003145438571753962
1264 3.25390197077996e-05
1265 0.0003145438571753962
1266 6.50780394155992e-05
1267 0.00010846339902599868
1268 0.0003036975172727963
1269 0.00019523411824679763
1270 0.00011930973892859855
1271 0.0003145438571753962
1272 0.0003145438571753962
1273 0.00011930973892859855
1274 0.00011930973892859855
1275 0.00018438777834419776
1276 0.0002711584975649967
1277 0.0002711584975649967
1278 0.0003145438571753962
1279 0.0003145438571753962
1280 0.0003145438571753962
1281 0.00011930973892859855
1282 0.0003145438571753962
1283 0.00011930973892859855
1284 0.00018438777834419776
1285 0.0003145438571753962
1286 0.00015184875863639814
1287 8.677071922079894e-05
1288 0.0003036975172727963
1289 0.0003145438571753962
1290 0.0003145438571753962
1291 0.0002711584975649967
1292 0.0003145438571753962
1293 0.00011930973892859855
1294 8.677071922079894e-05
1295 3.25390197077996e-05
1296 0.00018438777834419776
1297 3.25390197077996e-05
1298 4.338535961039947e-05
1299 6.50780394155992e-05
1300 0.00011930973892859855
1301 0.0002060804581493975
1302 0.0003036975172727963
1303 0.0003036975172727963
1304 0.00014100241873379828
1305 6.50780394155992e-05
1306 9.761705912339881e-05
1307 0.0003145438571753962
1308 0.00015184875863639814
1309 0.0003145438571753962
1310 0.0003036975172727963
1311 0.00018438777834419776
1312 0.00018438777834419776
1313 0.00019523411824679763
1314 5.423169951299934e-05
1315 0.00011930973892859855
1316 3.25390197077996e-05
1317 0.0003145438571753962
1318 0.00011930973892859855
1319 0.00019523411824679763
1320 0.0003036975172727963
1321 0.0002060804581493975
1322 0.000162695098538998
1323 0.0003145438571753962
1324 0.000249465817759797
1325 0.0003145438571753962
1326 4.338535961039947e-05
1327 0.0003036975172727963
1328 6.50780394155992e-05
1329 0.00019523411824679763
1330 0.0003145438571753962
1331 0.0003145438571753962
1332 9.761705912339881e-05
1333 0.00015184875863639814
1334 0.00022777313795459722
1335 2.1692679805199734e-05
1336 3.25390197077996e-05
1337 0.00010846339902599868
1338 3.25390197077996e-05
1339 0.0002603121576623968
1340 0.0002603121576623968
1341 0.0002603121576623968
1342 0.0002603121576623968
1343 0.0002603121576623968
1344 0.0002603121576623968
1345 0.0002603121576623968
1346 0.0002603121576623968
1347 0.00019523411824679763
1348 0.0002603121576623968
1349 0.0002603121576623968
1350 0.0002603121576623968
1351 0.00015184875863639814
1352 0.0002603121576623968
1353 4.338535961039947e-05
1354 0.0002603121576623968
1355 0.0002603121576623968
1356 0.00021692679805199736
1357 0.0002603121576623968
1358 0.0002603121576623968
1359 0.0002603121576623968
1360 0.0002603121576623968
1361 0.0002603121576623968
1362 3.25390197077996e-05
1363 0.0002603121576623968
1364 0.0002603121576623968
1365 0.00021692679805199736
1366 0.0002603121576623968
1367 0.0002603121576623968
1368 0.0002603121576623968
1369 0.0002603121576623968
1370 0.0002603121576623968
1371 0.0002603121576623968
1372 0.0002603121576623968
1373 0.0002603121576623968
1374 0.0002603121576623968
1375 0.00022777313795459722
1376 8.677071922079894e-05
1377 0.0002603121576623968
1378 0.0002603121576623968
1379 0.00022777313795459722
1380 0.0002603121576623968
1381 0.0002603121576623968
1382 0.00015184875863639814
1383 8.677071922079894e-05
1384 0.00011930973892859855
1385 0.00014100241873379828
1386 0.00019523411824679763
1387 0.00019523411824679763
1388 0.00015184875863639814
1389 0.0002603121576623968
1390 0.00019523411824679763
1391 0.00019523411824679763
1392 9.761705912339881e-05
1393 6.50780394155992e-05
1394 8.677071922079894e-05
1395 0.0001301560788311984
1396 0.00015184875863639814
1397 0.00014100241873379828
1398 0.0002603121576623968
1399 0.00015184875863639814
1400 3.25390197077996e-05
1401 2.1692679805199734e-05
1402 0.00019523411824679763
1403 0.0001301560788311984
1404 0.00015184875863639814
1405 0.00015184875863639814
1406 0.00019523411824679763
1407 0.00019523411824679763
1408 0.00015184875863639814
1409 0.00015184875863639814
1410 0.0002603121576623968
1411 0.00015184875863639814
1412 0.0002603121576623968
1413 0.00015184875863639814
1414 4.338535961039947e-05
1415 0.00014100241873379828
1416 0.00014100241873379828
1417 0.0002603121576623968
1418 0.00019523411824679763
1419 9.761705912339881e-05
1420 0.00015184875863639814
1421 0.00014100241873379828
1422 0.00015184875863639814
1423 0.00015184875863639814
1424 6.50780394155992e-05
1425 9.761705912339881e-05
1426 0.00014100241873379828
1427 0.00015184875863639814
1428 0.0001301560788311984
1429 0.00019523411824679763
1430 0.00011930973892859855
1431 5.423169951299934e-05
1432 0.00015184875863639814
1433 8.677071922079894e-05
1434 0.00019523411824679763
1435 0.00014100241873379828
1436 0.0001301560788311984
1437 0.00019523411824679763
1438 0.00015184875863639814
1439 0.0002386194778571971
1440 9.761705912339881e-05
1441 0.00019523411824679763
1442 0.000162695098538998
1443 0.00019523411824679763
1444 0.00015184875863639814
1445 0.0002386194778571971
1446 0.00010846339902599868
1447 0.00017354143844159787
1448 1.0846339902599867e-05
1449 2.1692679805199734e-05
1450 0.00019523411824679763
1451 0.000249465817759797
1452 3.25390197077996e-05
1453 0.00015184875863639814
1454 0.00015184875863639814
1455 5.423169951299934e-05
1456 2.1692679805199734e-05
1457 5.423169951299934e-05
1458 0.00019523411824679763
1459 0.00019523411824679763
1460 2.1692679805199734e-05
1461 0.00019523411824679763
1462 0.00019523411824679763
1463 7.592437931819907e-05
1464 0.00014100241873379828
1465 0.00017354143844159787
1466 0.00015184875863639814
1467 2.1692679805199734e-05
1468 0.0002603121576623968
1469 0.00019523411824679763
1470 4.338535961039947e-05
1471 7.592437931819907e-05
1472 3.25390197077996e-05
1473 0.00019523411824679763
1474 0.00018438777834419776
1475 0.00015184875863639814
1476 0.00014100241873379828
1477 6.50780394155992e-05
1478 0.00015184875863639814
1479 0.00019523411824679763
1480 9.761705912339881e-05
1481 0.0002603121576623968
1482 0.00015184875863639814
1483 0.00014100241873379828
1484 0.000162695098538998
1485 0.0002060804581493975
1486 7.592437931819907e-05
1487 8.677071922079894e-05
1488 5.423169951299934e-05
1489 0.0001301560788311984
1490 0.00021692679805199736
1491 0.00021692679805199736
1492 0.0002060804581493975
1493 0.00021692679805199736
1494 0.000162695098538998
1495 1.0846339902599867e-05
1496 6.50780394155992e-05
1497 0.00017354143844159787
1498 7.592437931819907e-05
1499 0.000162695098538998
1500 4.338535961039947e-05
1501 0.00021692679805199736
1502 0.00018438777834419776
1503 7.592437931819907e-05
1504 0.00017354143844159787
1505 0.000162695098538998
1506 7.592437931819907e-05
1507 0.00017354143844159787
1508 7.592437931819907e-05
1509 0.00021692679805199736
1510 7.592437931819907e-05
1511 9.761705912339881e-05
1512 0.00010846339902599868
1513 3.25390197077996e-05
1514 0.000162695098538998
1515 0.00021692679805199736
1516 0.00014100241873379828
1517 4.338535961039947e-05
1518 0.0001301560788311984
1519 0.00010846339902599868
1520 0.00021692679805199736
1521 7.592437931819907e-05
1522 0.00021692679805199736
1523 0.00017354143844159787
1524 0.000162695098538998
1525 4.338535961039947e-05
1526 0.00014100241873379828
1527 0.00021692679805199736
1528 7.592437931819907e-05
1529 7.592437931819907e-05
1530 0.000162695098538998
1531 4.338535961039947e-05
1532 7.592437931819907e-05
1533 0.0001301560788311984
1534 0.00017354143844159787
1535 0.000162695098538998
1536 6.50780394155992e-05
1537 0.00014100241873379828
1538 7.592437931819907e-05
1539 2.1692679805199734e-05
1540 1.0846339902599867e-05
1541 0.00021692679805199736
1542 7.592437931819907e-05
1543 0.00019523411824679763
1544 0.000162695098538998
1545 1.0846339902599867e-05
1546 1.0846339902599867e-05
1547 0.00011930973892859855
1548 0.00021692679805199736
1549 8.677071922079894e-05
1550 0.00017354143844159787
1551 0.000162695098538998
1552 9.761705912339881e-05
1553 1.0846339902599867e-05
1554 0.000162695098538998
1555 8.677071922079894e-05
1556 0.00021692679805199736
1557 7.592437931819907e-05
1558 0.00011930973892859855
1559 0.00010846339902599868
1560 0.000162695098538998
1561 0.0001301560788311984
1562 0.00021692679805199736
1563 6.50780394155992e-05
1564 7.592437931819907e-05
1565 8.677071922079894e-05
1566 0.000162695098538998
1567 7.592437931819907e-05
1568 0.000162695098538998
1569 0.00021692679805199736
1570 0.00019523411824679763
1571 1.0846339902599867e-05
1572 1.0846339902599867e-05
1573 0.000162695098538998
1574 0.0001301560788311984
1575 0.000162695098538998
1576 0.00019523411824679763
1577 0.00021692679805199736
1578 7.592437931819907e-05
1579 0.000162695098538998
1580 0.00021692679805199736
1581 2.1692679805199734e-05
1582 7.592437931819907e-05
1583 0.000162695098538998
1584 3.25390197077996e-05
1585 7.592437931819907e-05
1586 3.25390197077996e-05
1587 6.50780394155992e-05
1588 0.000162695098538998
1589 0.000162695098538998
1590 0.0001301560788311984
1591 0.0001301560788311984
1592 6.50780394155992e-05
1593 0.000162695098538998
1594 3.25390197077996e-05
1595 9.761705912339881e-05
1596 0.00021692679805199736
1597 4.338535961039947e-05
1598 0.00014100241873379828
1599 6.50780394155992e-05
1600 0.00021692679805199736
1601 7.592437931819907e-05
1602 0.000162695098538998
1603 8.677071922079894e-05
1604 0.000162695098538998
1605 0.00021692679805199736
1606 6.50780394155992e-05
1607 7.592437931819907e-05
1608 7.592437931819907e-05
1609 0.00017354143844159787
1610 0.00021692679805199736
1611 7.592437931819907e-05
1612 0.000162695098538998
1613 7.592437931819907e-05
1614 0.00018438777834419776
1615 0.00019523411824679763
1616 8.677071922079894e-05
1617 7.592437931819907e-05
1618 0.00021692679805199736
1619 0.00021692679805199736
1620 2.1692679805199734e-05
1621 9.761705912339881e-05
1622 0.00021692679805199736
1623 0.00021692679805199736
1624 0.0002060804581493975
1625 0.00021692679805199736
1626 0.0001301560788311984
1627 3.25390197077996e-05
1628 7.592437931819907e-05
1629 0.00021692679805199736
1630 0.000162695098538998
1631 0.00010846339902599868
1632 0.00011930973892859855
1633 0.000162695098538998
1634 7.592437931819907e-05
1635 0.00017354143844159787
1636 1.0846339902599867e-05
1637 0.00021692679805199736
1638 0.0001301560788311984
1639 0.0001301560788311984
1640 0.00017354143844159787
1641 4.338535961039947e-05
1642 0.0002060804581493975
1643 0.000162695098538998
1644 0.000162695098538998
1645 7.592437931819907e-05
1646 3.25390197077996e-05
1647 3.25390197077996e-05
1648 0.00021692679805199736
1649 2.1692679805199734e-05
1650 3.25390197077996e-05
1651 0.000162695098538998
1652 0.00010846339902599868
1653 7.592437931819907e-05
1654 0.00010846339902599868
1655 0.00010846339902599868
1656 0.00010846339902599868
1657 8.677071922079894e-05
1658 0.00010846339902599868
1659 0.00010846339902599868
1660 8.677071922079894e-05
1661 8.677071922079894e-05
1662 7.592437931819907e-05
1663 0.00010846339902599868
1664 5.423169951299934e-05
1665 0.00010846339902599868
1666 3.25390197077996e-05
1667 8.677071922079894e-05
1668 0.00010846339902599868
1669 0.00010846339902599868
1670 6.50780394155992e-05
1671 0.00010846339902599868
1672 0.00010846339902599868
1673 3.25390197077996e-05
1674 0.00010846339902599868
1675 0.00010846339902599868
1676 0.00010846339902599868
1677 0.00010846339902599868
1678 3.25390197077996e-05
1679 4.338535961039947e-05
1680 1.0846339902599867e-05
1681 8.677071922079894e-05
1682 3.25390197077996e-05
1683 8.677071922079894e-05
1684 3.25390197077996e-05
1685 3.25390197077996e-05
1686 3.25390197077996e-05
1687 5.423169951299934e-05
1688 3.25390197077996e-05
1689 6.50780394155992e-05
1690 4.338535961039947e-05
1691 4.338535961039947e-05
1692 5.423169951299934e-05
1693 5.423169951299934e-05
1694 5.423169951299934e-05
1695 8.677071922079894e-05
1696 3.25390197077996e-05
1697 8.677071922079894e-05
1698 3.25390197077996e-05
1699 6.50780394155992e-05
1700 4.338535961039947e-05
1701 7.592437931819907e-05
1702 3.25390197077996e-05
1703 5.423169951299934e-05
1704 7.592437931819907e-05
1705 5.423169951299934e-05
1706 8.677071922079894e-05
1707 8.677071922079894e-05
1708 6.50780394155992e-05
1709 3.25390197077996e-05
1710 3.25390197077996e-05
1711 4.338535961039947e-05
1712 3.25390197077996e-05
1713 7.592437931819907e-05
1714 3.25390197077996e-05
1715 0.00010846339902599868
1716 6.50780394155992e-05
1717 0.00017354143844159787
1718 7.592437931819907e-05
1719 0.00010846339902599868
1720 0.00011930973892859855
1721 0.00010846339902599868
1722 9.761705912339881e-05
1723 9.761705912339881e-05
1724 0.00010846339902599868
1725 0.00035792921678579564
1726 0.00021692679805199736
1727 0.0004230072562013948
1728 0.0002386194778571971
1729 0.0004230072562013948
1730 0.00014100241873379828
1731 0.00018438777834419776
1732 0.0004230072562013948
1733 0.00014100241873379828
1734 5.423169951299934e-05
1735 0.0002711584975649967
1736 0.00035792921678579564
1737 0.00021692679805199736
1738 0.0004230072562013948
1739 8.677071922079894e-05
1740 0.0004230072562013948
1741 0.0001301560788311984
1742 0.00037962189659099537
1743 0.0002386194778571971
1744 9.761705912339881e-05
1745 0.00017354143844159787
1746 7.592437931819907e-05
1747 0.0004230072562013948
1748 0.000162695098538998
1749 2.1692679805199734e-05
1750 4.338535961039947e-05
1751 9.761705912339881e-05
1752 0.0004230072562013948
1753 0.00014100241873379828
1754 0.0001301560788311984
1755 0.0004230072562013948
1756 0.00011930973892859855
1757 9.761705912339881e-05
1758 0.0002386194778571971
1759 0.00017354143844159787
1760 0.00014100241873379828
1761 1.0846339902599867e-05
1762 0.00011930973892859855
1763 0.0002603121576623968
1764 0.0002060804581493975
1765 0.0003362365369805959
1766 0.00021692679805199736
1767 2.1692679805199734e-05
1768 0.00019523411824679763
1769 0.0003362365369805959
1770 0.0004230072562013948
1771 0.0002060804581493975
1772 0.00035792921678579564
1773 0.000325390197077996
1774 5.423169951299934e-05
1775 2.1692679805199734e-05
1776 0.00011930973892859855
1777 0.00021692679805199736
1778 9.761705912339881e-05
1779 0.00021692679805199736
1780 0.00035792921678579564
1781 0.00021692679805199736
1782 6.50780394155992e-05
1783 0.00022777313795459722
1784 0.00011930973892859855
1785 0.00014100241873379828
1786 4.338535961039947e-05
1787 0.00019523411824679763
1788 0.00037962189659099537
1789 0.00019523411824679763
1790 1.0846339902599867e-05
1791 0.00035792921678579564
1792 0.00035792921678579564
1793 0.00010846339902599868
1794 0.00022777313795459722
1795 0.00015184875863639814
1796 0.0001301560788311984
1797 0.0003362365369805959
1798 0.0004230072562013948
1799 0.00021692679805199736
1800 5.423169951299934e-05
1801 0.0003362365369805959
1802 0.0004230072562013948
1803 0.0004230072562013948
1804 0.0003362365369805959
1805 0.0004230072562013948
1806 0.0002060804581493975
1807 0.0001301560788311984
1808 0.000162695098538998
1809 0.000325390197077996
1810 0.00010846339902599868
1811 0.00035792921678579564
1812 5.423169951299934e-05
1813 0.0002060804581493975
1814 9.761705912339881e-05
1815 0.00019523411824679763
1816 0.00037962189659099537
1817 4.338535961039947e-05
1818 0.00019523411824679763
1819 4.338535961039947e-05
1820 0.0004230072562013948
1821 0.00035792921678579564
1822 0.00017354143844159787
1823 0.0003036975172727963
1824 0.00034708287688319574
1825 0.0004230072562013948
1826 0.00021692679805199736
1827 0.00015184875863639814
1828 0.000249465817759797
1829 0.0004230072562013948
1830 0.000249465817759797
1831 1.0846339902599867e-05
1832 7.592437931819907e-05
1833 9.761705912339881e-05
1834 2.1692679805199734e-05
1835 0.00035792921678579564
1836 0.0003362365369805959
1837 0.00022777313795459722
1838 7.592437931819907e-05
1839 8.677071922079894e-05
1840 9.761705912339881e-05
1841 0.00014100241873379828
1842 8.677071922079894e-05
1843 5.423169951299934e-05
1844 0.0003036975172727963
1845 2.1692679805199734e-05
1846 6.50780394155992e-05
1847 0.000162695098538998
1848 0.00014100241873379828
1849 1.0846339902599867e-05
1850 0.0004230072562013948
1851 4.338535961039947e-05
1852 0.00017354143844159787
1853 0.0001301560788311984
1854 0.0002711584975649967
1855 5.423169951299934e-05
1856 0.00014100241873379828
1857 6.50780394155992e-05
1858 0.0004230072562013948
1859 0.00019523411824679763
1860 0.0002060804581493975
1861 0.00014100241873379828
1862 0.00018438777834419776
1863 0.00035792921678579564
1864 8.677071922079894e-05
1865 0.000162695098538998
1866 3.25390197077996e-05
1867 0.0004230072562013948
1868 0.00021692679805199736
1869 0.000162695098538998
1870 0.00019523411824679763
1871 0.0002060804581493975
1872 0.00021692679805199736
1873 0.00010846339902599868
1874 0.00014100241873379828
1875 0.00035792921678579564
1876 0.0003036975172727963
1877 0.00035792921678579564
1878 1.0846339902599867e-05
1879 0.0001301560788311984
1880 0.00017354143844159787
1881 2.1692679805199734e-05
1882 7.592437931819907e-05
1883 0.00037962189659099537
1884 0.00035792921678579564
1885 0.0004230072562013948
1886 0.00018438777834419776
1887 0.0004230072562013948
1888 0.0004230072562013948
1889 0.00014100241873379828
1890 0.00035792921678579564
1891 0.00015184875863639814
1892 0.00021692679805199736
1893 0.0004230072562013948
1894 0.00037962189659099537
1895 0.0003145438571753962
1896 0.0003036975172727963
1897 0.00011930973892859855
1898 0.0004230072562013948
1899 0.00010846339902599868
1900 0.00014100241873379828
1901 0.0004230072562013948
1902 0.00021692679805199736
1903 0.00010846339902599868
1904 3.25390197077996e-05
1905 6.50780394155992e-05
1906 0.00028200483746759655
1907 0.00014100241873379828
1908 0.0004230072562013948
1909 0.000162695098538998
1910 0.0002060804581493975
1911 6.50780394155992e-05
1912 0.000325390197077996
1913 0.0004230072562013948
1914 6.50780394155992e-05
1915 0.00010846339902599868
1916 0.0003362365369805959
1917 6.50780394155992e-05
1918 0.0003362365369805959
1919 0.0004230072562013948
1920 0.0004230072562013948
1921 0.0004230072562013948
1922 0.0004230072562013948
1923 0.0004230072562013948
1924 0.0004230072562013948
1925 0.0004230072562013948
1926 0.0002386194778571971
1927 0.0004230072562013948
1928 0.0004230072562013948
1929 0.00014100241873379828
1930 0.000162695098538998
1931 0.0004230072562013948
1932 0.0004230072562013948
1933 0.00021692679805199736
1934 2.1692679805199734e-05
1935 0.00011930973892859855
1936 0.0003036975172727963
1937 0.0004230072562013948
1938 7.592437931819907e-05
1939 0.0004230072562013948
1940 0.0004230072562013948
1941 0.00035792921678579564
1942 6.50780394155992e-05
1943 0.00034708287688319574
1944 8.677071922079894e-05
1945 0.00014100241873379828
1946 8.677071922079894e-05
1947 0.0003362365369805959
1948 0.0003362365369805959
1949 0.00014100241873379828
1950 0.00035792921678579564
1951 0.0004230072562013948
1952 9.761705912339881e-05
1953 9.761705912339881e-05
1954 0.0004230072562013948
1955 0.00034708287688319574
1956 0.000162695098538998
1957 8.677071922079894e-05
1958 0.00029285117737019644
1959 0.00029285117737019644
1960 0.0003036975172727963
1961 0.00011930973892859855
1962 0.00021692679805199736
1963 0.0004230072562013948
1964 9.761705912339881e-05
1965 0.00022777313795459722
1966 0.00014100241873379828
1967 0.0001301560788311984
1968 0.00011930973892859855
1969 0.0001301560788311984
1970 0.0004230072562013948
1971 0.000162695098538998
1972 0.00010846339902599868
1973 0.00014100241873379828
1974 0.00035792921678579564
1975 2.1692679805199734e-05
1976 0.0002711584975649967
1977 0.0002711584975649967
1978 0.00010846339902599868
1979 4.338535961039947e-05
1980 0.00014100241873379828
1981 8.677071922079894e-05
1982 0.0002060804581493975
1983 0.0004230072562013948
1984 0.0004230072562013948
1985 0.00037962189659099537
1986 0.0003362365369805959
1987 0.0001301560788311984
1988 0.00035792921678579564
1989 0.00035792921678579564
1990 0.00037962189659099537
1991 0.00037962189659099537
1992 0.00014100241873379828
1993 0.00021692679805199736
1994 8.677071922079894e-05
1995 2.1692679805199734e-05
1996 0.00011930973892859855
1997 0.0004230072562013948
1998 0.00018438777834419776
1999 0.00021692679805199736
2000 3.25390197077996e-05
2001 0.00037962189659099537
2002 0.00022777313795459722
2003 1.0846339902599867e-05
2004 0.0002060804581493975
2005 0.00014100241873379828
2006 0.000162695098538998
2007 0.000162695098538998
2008 0.00022777313795459722
2009 8.677071922079894e-05
2010 0.00035792921678579564
2011 0.0002060804581493975
2012 0.000325390197077996
2013 0.00021692679805199736
2014 0.00021692679805199736
2015 0.00015184875863639814
2016 0.0004230072562013948
2017 0.00011930973892859855
2018 0.0004230072562013948
2019 0.00028200483746759655
2020 8.677071922079894e-05
2021 0.00035792921678579564
2022 0.0004230072562013948
2023 0.00021692679805199736
2024 0.00035792921678579564
2025 2.1692679805199734e-05
2026 0.0003362365369805959
2027 0.0004230072562013948
2028 0.00014100241873379828
2029 0.00014100241873379828
2030 0.00022777313795459722
2031 0.0004230072562013948
2032 0.00035792921678579564
2033 0.00014100241873379828
2034 0.00034708287688319574
2035 0.000325390197077996
2036 7.592437931819907e-05
2037 0.0004230072562013948
2038 4.338535961039947e-05
2039 0.0004230072562013948
2040 8.677071922079894e-05
2041 0.0003362365369805959
2042 8.677071922079894e-05
2043 0.00019523411824679763
2044 8.677071922079894e-05
2045 0.0004230072562013948
2046 0.0004230072562013948
2047 7.592437931819907e-05
2048 9.761705912339881e-05
2049 0.00014100241873379828
2050 0.0001301560788311984
2051 0.00035792921678579564
2052 0.00021692679805199736
2053 0.00035792921678579564
2054 4.338535961039947e-05
2055 0.00017354143844159787
2056 0.0003362365369805959
2057 0.00021692679805199736
2058 0.0004230072562013948
2059 0.0002711584975649967
2060 0.00014100241873379828
2061 0.00035792921678579564
2062 6.50780394155992e-05
2063 0.00037962189659099537
2064 0.00035792921678579564
2065 0.00021692679805199736
2066 0.00021692679805199736
2067 9.761705912339881e-05
2068 0.0003036975172727963
2069 0.0004230072562013948
2070 5.423169951299934e-05
2071 9.761705912339881e-05
2072 0.00014100241873379828
2073 6.50780394155992e-05
2074 0.0004230072562013948
2075 0.00021692679805199736
2076 0.0004230072562013948
2077 0.00021692679805199736
2078 0.00035792921678579564
2079 0.000162695098538998
2080 0.00037962189659099537
2081 7.592437931819907e-05
2082 0.0003362365369805959
2083 0.00021692679805199736
2084 0.0004230072562013948
2085 0.00014100241873379828
2086 0.00014100241873379828
2087 0.0002711584975649967
2088 0.00034708287688319574
2089 0.0002603121576623968
2090 0.00035792921678579564
2091 0.00035792921678579564
2092 0.00021692679805199736
2093 0.00035792921678579564
2094 2.1692679805199734e-05
2095 7.592437931819907e-05
2096 0.00018438777834419776
2097 1.0846339902599867e-05
2098 6.50780394155992e-05
2099 4.338535961039947e-05
2100 6.50780394155992e-05
2101 6.50780394155992e-05
2102 0.00035792921678579564
2103 9.761705912339881e-05
2104 0.00021692679805199736
2105 0.000249465817759797
2106 0.0001301560788311984
2107 0.000325390197077996
2108 7.592437931819907e-05
2109 0.0004230072562013948
2110 0.00011930973892859855
2111 0.0003362365369805959
2112 0.00035792921678579564
2113 4.338535961039947e-05
2114 0.00019523411824679763
2115 0.0004230072562013948
2116 0.00035792921678579564
2117 0.0001301560788311984
2118 0.00035792921678579564
2119 0.0003362365369805959
2120 8.677071922079894e-05
2121 0.00011930973892859855
2122 0.0003145438571753962
2123 6.50780394155992e-05
2124 0.0002386194778571971
2125 5.423169951299934e-05
2126 0.00021692679805199736
2127 0.00019523411824679763
2128 0.00014100241873379828
2129 0.00021692679805199736
2130 0.00035792921678579564
2131 0.0002060804581493975
2132 0.00014100241873379828
2133 0.0003362365369805959
2134 0.00014100241873379828
2135 0.0004230072562013948
2136 0.00018438777834419776
2137 0.00021692679805199736
2138 0.00014100241873379828
2139 0.0003362365369805959
2140 6.50780394155992e-05
2141 6.50780394155992e-05
2142 0.0003362365369805959
2143 0.000162695098538998
2144 0.00019523411824679763
2145 0.0003036975172727963
2146 0.00017354143844159787
2147 0.00011930973892859855
2148 0.00021692679805199736
2149 0.000162695098538998
2150 0.0004230072562013948
2151 0.0002060804581493975
2152 6.50780394155992e-05
2153 0.0003362365369805959
2154 7.592437931819907e-05
2155 0.00035792921678579564
2156 0.00021692679805199736
2157 0.0003362365369805959
2158 0.00035792921678579564
2159 0.00021692679805199736
2160 0.0001301560788311984
2161 0.00014100241873379828
2162 0.00015184875863639814
2163 0.00019523411824679763
2164 0.00021692679805199736
2165 0.00018438777834419776
2166 5.423169951299934e-05
2167 7.592437931819907e-05
2168 0.00021692679805199736
2169 0.000162695098538998
2170 0.00017354143844159787
2171 0.0003362365369805959
2172 0.00021692679805199736
2173 0.0004230072562013948
2174 0.0004230072562013948
2175 0.00021692679805199736
2176 0.000162695098538998
2177 0.0003362365369805959
2178 0.000162695098538998
2179 0.0002386194778571971
2180 0.0001301560788311984
2181 9.761705912339881e-05
2182 0.0001301560788311984
2183 0.00035792921678579564
2184 0.000162695098538998
2185 0.0001301560788311984
2186 0.0003362365369805959
2187 6.50780394155992e-05
2188 0.00035792921678579564
2189 0.00021692679805199736
2190 9.761705912339881e-05
2191 0.00019523411824679763
2192 0.00021692679805199736
2193 0.00029285117737019644
2194 0.00019523411824679763
2195 0.0003036975172727963
2196 0.00022777313795459722
2197 0.00021692679805199736
2198 0.00019523411824679763
2199 0.00035792921678579564
2200 7.592437931819907e-05
2201 0.00035792921678579564
2202 4.338535961039947e-05
2203 3.25390197077996e-05
2204 0.0002711584975649967
2205 0.00019523411824679763
2206 0.00029285117737019644
2207 0.000162695098538998
2208 0.00015184875863639814
2209 0.00035792921678579564
2210 0.000162695098538998
2211 0.00035792921678579564
2212 1.0846339902599867e-05
2213 0.00014100241873379828
2214 0.0004230072562013948
2215 0.00018438777834419776
2216 0.0002711584975649967
2217 0.0003362365369805959
2218 0.00015184875863639814
2219 3.25390197077996e-05
2220 0.00035792921678579564
2221 0.00010846339902599868
2222 0.00035792921678579564
2223 0.00015184875863639814
2224 0.00021692679805199736
2225 0.00028200483746759655
2226 0.00035792921678579564
2227 0.0002711584975649967
2228 0.0003145438571753962
2229 0.00028200483746759655
2230 0.00018438777834419776
2231 0.0002603121576623968
2232 0.00019523411824679763
2233 0.00014100241873379828
2234 7.592437931819907e-05
2235 0.00014100241873379828
2236 4.338535961039947e-05
2237 0.00010846339902599868
2238 0.00014100241873379828
2239 0.00021692679805199736
2240 0.00014100241873379828
2241 0.0003362365369805959
2242 0.00014100241873379828
2243 0.0002060804581493975
2244 0.00034708287688319574
2245 0.0003362365369805959
2246 6.50780394155992e-05
2247 6.50780394155992e-05
2248 0.000412160916298795
2249 0.00014100241873379828
2250 0.0001301560788311984
2251 0.00021692679805199736
2252 0.00011930973892859855
2253 0.0001301560788311984
2254 0.00035792921678579564
2255 0.00019523411824679763
2256 0.0003362365369805959
2257 8.677071922079894e-05
2258 0.00034708287688319574
2259 6.50780394155992e-05
2260 0.00019523411824679763
2261 7.592437931819907e-05
2262 0.0004230072562013948
2263 0.00019523411824679763
2264 0.0003145438571753962
2265 0.00010846339902599868
2266 0.00035792921678579564
2267 0.0003362365369805959
2268 0.00021692679805199736
2269 0.00035792921678579564
2270 0.0004230072562013948
2271 0.0003362365369805959
2272 0.00035792921678579564
2273 0.0003145438571753962
2274 7.592437931819907e-05
2275 0.0003362365369805959
2276 0.00018438777834419776
2277 0.000162695098538998
2278 0.0003362365369805959
2279 9.761705912339881e-05
2280 0.00037962189659099537
2281 0.0004230072562013948
2282 0.00035792921678579564
2283 0.0002060804581493975
2284 0.00021692679805199736
2285 8.677071922079894e-05
2286 0.0002060804581493975
2287 5.423169951299934e-05
2288 0.00015184875863639814
2289 6.50780394155992e-05
2290 0.0001301560788311984
2291 0.00010846339902599868
2292 7.592437931819907e-05
2293 0.00021692679805199736
2294 0.00021692679805199736
2295 0.00018438777834419776
2296 0.00035792921678579564
2297 0.00014100241873379828
2298 0.0001301560788311984
2299 0.00035792921678579564
2300 0.00021692679805199736
2301 0.0003362365369805959
2302 0.0004230072562013948
2303 6.50780394155992e-05
2304 0.000162695098538998
2305 0.00035792921678579564
2306 0.00015184875863639814
2307 0.000162695098538998
2308 0.00021692679805199736
2309 0.0003362365369805959
2310 0.00035792921678579564
2311 7.592437931819907e-05
2312 0.00034708287688319574
2313 7.592437931819907e-05
2314 8.677071922079894e-05
2315 0.0002711584975649967
2316 0.00014100241873379828
2317 8.677071922079894e-05
2318 0.0003362365369805959
2319 1.0846339902599867e-05
2320 0.00015184875863639814
2321 0.000325390197077996
2322 0.00021692679805199736
2323 0.00021692679805199736
2324 0.00035792921678579564
2325 0.0004230072562013948
2326 9.761705912339881e-05
2327 0.00035792921678579564
2328 0.00017354143844159787
2329 0.000162695098538998
2330 0.0002711584975649967
2331 0.00014100241873379828
2332 6.50780394155992e-05
2333 7.592437931819907e-05
2334 0.0004230072562013948
2335 7.592437931819907e-05
2336 4.338535961039947e-05
2337 0.0001301560788311984
2338 0.00014100241873379828
2339 3.25390197077996e-05
2340 0.00037962189659099537
2341 0.00035792921678579564
2342 0.00035792921678579564
2343 0.0007158584335715913
2344 1.0846339902599867e-05
2345 1.0846339902599867e-05
2346 0.0007483974532793908
2347 0.0007483974532793908
2348 0.0007483974532793908
2349 0.00017354143844159787
2350 0.00034708287688319574
2351 9.761705912339881e-05
2352 0.0006833194138637917
2353 0.001236482748896385
2354 0.001236482748896385
2355 0.00034708287688319574
2356 0.0007483974532793908
2357 0.00034708287688319574
2358 0.00011930973892859855
2359 0.0003036975172727963
2360 5.423169951299934e-05
2361 0.0011930973892859853
2362 0.0007483974532793908
2363 0.00034708287688319574
2364 0.00022777313795459722
2365 0.001236482748896385
2366 0.0001301560788311984
2367 0.00034708287688319574
2368 0.0007483974532793908
2369 0.00010846339902599868
2370 9.761705912339881e-05
2371 0.00034708287688319574
2372 0.00015184875863639814
2373 3.25390197077996e-05
2374 0.001236482748896385
2375 0.0005857023547403929
2376 0.0007483974532793908
2377 0.0010954803301625865
2378 0.0003145438571753962
2379 0.001236482748896385
2380 0.0002386194778571971
2381 0.0007483974532793908
2382 0.001236482748896385
2383 0.0007483974532793908
2384 0.0007483974532793908
2385 7.592437931819907e-05
2386 0.00010846339902599868
2387 0.00034708287688319574
2388 0.00017354143844159787
2389 0.0012039437291885852
2390 0.0006941657537663915
2391 0.0007483974532793908
2392 5.423169951299934e-05
2393 0.00034708287688319574
2394 0.000325390197077996
2395 0.0007483974532793908
2396 0.000162695098538998
2397 5.423169951299934e-05
2398 0.001236482748896385
2399 0.0009110925518183889
2400 0.00034708287688319574
2401 0.000162695098538998
2402 0.001236482748896385
2403 1.0846339902599867e-05
2404 0.0003362365369805959
2405 3.25390197077996e-05
2406 0.000488085295616994
2407 0.001236482748896385
2408 0.00034708287688319574
2409 0.00034708287688319574
2410 5.423169951299934e-05
2411 0.000162695098538998
2412 0.0003362365369805959
2413 7.592437931819907e-05
2414 0.00015184875863639814
2415 0.001236482748896385
2416 0.00034708287688319574
2417 0.0004772389557143942
2418 0.00014100241873379828
2419 0.001236482748896385
2420 0.001236482748896385
2421 0.001236482748896385
2422 0.001236482748896385
2423 0.00035792921678579564
2424 0.0001301560788311984
2425 0.0008893998720131891
2426 0.00015184875863639814
2427 0.00034708287688319574
2428 0.0001301560788311984
2429 0.001236482748896385
2430 0.0006290877143507923
2431 0.00034708287688319574
2432 3.25390197077996e-05
2433 0.001236482748896385
2434 0.00034708287688319574
2435 0.0003362365369805959
2436 0.000325390197077996
2437 0.00034708287688319574
2438 0.0007050120936689914
2439 0.0004338535961039947
2440 0.00034708287688319574
2441 0.001236482748896385
2442 0.00034708287688319574
2443 0.0007483974532793908
2444 6.50780394155992e-05
2445 0.00034708287688319574
2446 0.0007483974532793908
2447 0.00034708287688319574
2448 0.00015184875863639814
2449 8.677071922079894e-05
2450 9.761705912339881e-05
2451 3.25390197077996e-05
2452 0.00018438777834419776
2453 3.25390197077996e-05
2454 0.00034708287688319574
2455 0.00017354143844159787
2456 0.001236482748896385
2457 0.000325390197077996
2458 0.00034708287688319574
2459 0.000162695098538998
2460 0.00034708287688319574
2461 0.0003145438571753962
2462 0.0007483974532793908
2463 0.00034708287688319574
2464 0.0007483974532793908
2465 0.0002386194778571971
2466 0.001236482748896385
2467 0.0002603121576623968
2468 0.0007483974532793908
2469 0.001236482748896385
2470 4.338535961039947e-05
2471 0.000162695098538998
2472 0.00017354143844159787
2473 0.001236482748896385
2474 0.0007483974532793908
2475 0.0007483974532793908
2476 0.001236482748896385
2477 4.338535961039947e-05
2478 0.0007483974532793908
2479 0.001236482748896385
2480 0.0002386194778571971
2481 0.001236482748896385
2482 0.0011930973892859853
2483 0.0007483974532793908
2484 0.00017354143844159787
2485 0.000162695098538998
2486 0.0002386194778571971
2487 6.50780394155992e-05
2488 0.0007483974532793908
2489 0.0007483974532793908
2490 0.0007483974532793908
2491 0.0007700901330845906
2492 0.000997863271039188
2493 0.00037962189659099537
2494 0.0007267047734741912
2495 0.001236482748896385
2496 0.0010195559508443875
2497 0.00034708287688319574
2498 0.0005423169951299934
2499 0.001236482748896385
2500 0.001236482748896385
2501 0.0002603121576623968
2502 7.592437931819907e-05
2503 0.0007483974532793908
2504 0.001236482748896385
2505 0.0001301560788311984
2506 0.0007483974532793908
2507 0.0007483974532793908
2508 0.001236482748896385
2509 0.001236482748896385
2510 0.0004338535961039947
2511 0.0001301560788311984
2512 0.001225636408993785
2513 0.001236482748896385
2514 8.677071922079894e-05
2515 0.0007483974532793908
2516 0.00014100241873379828
2517 0.001236482748896385
2518 0.0011930973892859853
2519 0.00019523411824679763
2520 0.001236482748896385
2521 0.0007483974532793908
2522 0.001236482748896385
2523 0.000162695098538998
2524 0.001236482748896385
2525 0.000162695098538998
2526 0.000325390197077996
2527 0.001236482748896385
2528 5.423169951299934e-05
2529 0.001236482748896385
2530 0.0002060804581493975
2531 0.00034708287688319574
2532 0.001138865689772986
2533 0.00014100241873379828
2534 5.423169951299934e-05
2535 0.0005206243153247936
2536 0.0007483974532793908
2537 0.001236482748896385
2538 0.001236482748896385
2539 0.00010846339902599868
2540 2.1692679805199734e-05
2541 0.000162695098538998
2542 0.001236482748896385
2543 0.001236482748896385
2544 0.00039046823649359526
2545 0.0007483974532793908
2546 0.001236482748896385
2547 6.50780394155992e-05
2548 0.0001301560788311984
2549 0.001236482748896385
2550 0.00034708287688319574
2551 0.0007483974532793908
2552 0.001236482748896385
2553 0.0001301560788311984
2554 0.00014100241873379828
2555 0.001236482748896385
2556 0.001236482748896385
2557 0.001236482748896385
2558 0.001236482748896385
2559 0.0007483974532793908
2560 0.000162695098538998
2561 0.0007483974532793908
2562 0.0007050120936689914
2563 0.000162695098538998
2564 0.00010846339902599868
2565 0.001236482748896385
2566 0.000650780394155992
2567 0.0007483974532793908
2568 0.0007483974532793908
2569 0.0007483974532793908
2570 0.0007809364729871905
2571 0.0005097779754221937
2572 0.0007483974532793908
2573 0.001236482748896385
2574 0.001236482748896385
2575 0.00022777313795459722
2576 0.001236482748896385
2577 0.0007483974532793908
2578 0.0007158584335715913
2579 0.0002386194778571971
2580 0.00014100241873379828
2581 0.0003362365369805959
2582 0.0007483974532793908
2583 0.0007483974532793908
2584 0.001236482748896385
2585 0.0007483974532793908
2586 0.00011930973892859855
2587 0.0007483974532793908
2588 0.001236482748896385
2589 0.0003036975172727963
2590 0.00014100241873379828
2591 0.00034708287688319574
2592 9.761705912339881e-05
2593 0.00034708287688319574
2594 0.00014100241873379828
2595 0.0005640096749351931
2596 0.00014100241873379828
2597 0.0003036975172727963
2598 0.0009436315715261885
2599 0.0012039437291885852
2600 8.677071922079894e-05
2601 4.338535961039947e-05
2602 2.1692679805199734e-05
2603 0.0007483974532793908
2604 0.0001301560788311984
2605 0.00034708287688319574
2606 0.001236482748896385
2607 0.00015184875863639814
2608 0.0007483974532793908
2609 7.592437931819907e-05
2610 0.0007483974532793908
2611 9.761705912339881e-05
2612 2.1692679805199734e-05
2613 0.000976170591233988
2614 0.0007483974532793908
2615 0.00011930973892859855
2616 7.592437931819907e-05
2617 0.0007483974532793908
2618 0.001236482748896385
2619 0.00017354143844159787
2620 0.00017354143844159787
2621 0.0007483974532793908
2622 0.001236482748896385
2623 0.0007483974532793908
2624 0.001236482748896385
2625 0.0007483974532793908
2626 0.00034708287688319574
2627 0.00010846339902599868
2628 0.0007483974532793908
2629 0.0007483974532793908
2630 0.000162695098538998
2631 0.0005423169951299934
2632 0.0007483974532793908
2633 0.001236482748896385
2634 0.001236482748896385
2635 0.00034708287688319574
2636 0.0007483974532793908
2637 3.25390197077996e-05
2638 0.00014100241873379828
2639 0.001236482748896385
2640 0.0001301560788311984
2641 0.00022777313795459722
2642 0.0002386194778571971
2643 0.000987016931136588
2644 0.0002603121576623968
2645 0.001236482748896385
2646 0.0010520949705521872
2647 0.00017354143844159787
2648 0.0005206243153247936
2649 0.001236482748896385
2650 6.50780394155992e-05
2651 0.001236482748896385
2652 4.338535961039947e-05
2653 0.001236482748896385
2654 0.00035792921678579564
2655 0.00037962189659099537
2656 0.0007483974532793908
2657 0.0007483974532793908
2658 0.00034708287688319574
2659 0.0003362365369805959
2660 5.423169951299934e-05
2661 0.000162695098538998
2662 0.001236482748896385
2663 4.338535961039947e-05
2664 0.000162695098538998
2665 0.000488085295616994
2666 0.001236482748896385
2667 0.0002711584975649967
2668 0.000488085295616994
2669 0.000162695098538998
2670 0.001225636408993785
2671 0.00010846339902599868
2672 0.00044469993600659456
2673 0.001236482748896385
2674 0.0007483974532793908
2675 0.000249465817759797
2676 0.000488085295616994
2677 0.001236482748896385
2678 5.423169951299934e-05
2679 0.0007483974532793908
2680 0.0007483974532793908
2681 0.00015184875863639814
2682 0.00018438777834419776
2683 0.0007483974532793908
2684 8.677071922079894e-05
2685 9.761705912339881e-05
2686 0.001236482748896385
2687 0.0007267047734741912
2688 9.761705912339881e-05
2689 6.50780394155992e-05
2690 0.001236482748896385
2691 0.0005097779754221937
2692 0.0004772389557143942
2693 0.00014100241873379828
2694 0.001225636408993785
2695 0.00011930973892859855
2696 5.423169951299934e-05
2697 0.0006290877143507923
2698 8.677071922079894e-05
2699 0.001236482748896385
2700 0.0006724730739611918
2701 0.0007483974532793908
2702 0.00015184875863639814
2703 0.001236482748896385
2704 0.0002386194778571971
2705 0.0007483974532793908
2706 0.00035792921678579564
2707 0.001236482748896385
2708 0.001236482748896385
2709 0.00010846339902599868
2710 0.001236482748896385
2711 0.0007483974532793908
2712 0.000488085295616994
2713 5.423169951299934e-05
2714 0.0007483974532793908
2715 0.0007483974532793908
2716 0.00034708287688319574
2717 0.0005314706552273935
2718 0.00015184875863639814
2719 0.0007050120936689914
2720 0.00018438777834419776
2721 0.0007483974532793908
2722 0.001236482748896385
2723 0.0001301560788311984
2724 0.0007483974532793908
2725 0.0005423169951299934
2726 0.0007483974532793908
2727 0.0002386194778571971
2728 0.0002386194778571971
2729 0.0003362365369805959
2730 0.00017354143844159787
2731 0.001236482748896385
2732 0.0010304022907469874
2733 5.423169951299934e-05
2734 0.0007483974532793908
2735 0.0002711584975649967
2736 0.0005314706552273935
2737 0.000162695098538998
2738 0.001149712029675586
2739 0.001236482748896385
2740 0.001236482748896385
2741 0.001236482748896385
2742 0.00022777313795459722
2743 0.0005097779754221937
2744 0.000162695098538998
2745 0.00019523411824679763
2746 0.00015184875863639814
2747 0.0006941657537663915
2748 8.677071922079894e-05
2749 0.000162695098538998
2750 0.0002386194778571971
2751 0.0007483974532793908
2752 0.0001301560788311984
2753 4.338535961039947e-05
2754 0.0002386194778571971
2755 0.001236482748896385
2756 0.001236482748896385
2757 0.0004230072562013948
2758 0.001236482748896385
2759 0.0007483974532793908
2760 0.0007483974532793908
2761 0.0012039437291885852
2762 0.000498931635519594
2763 0.001236482748896385
2764 0.0007483974532793908
2765 0.0007483974532793908
2766 0.001225636408993785
2767 0.000162695098538998
2768 0.0007483974532793908
2769 0.000325390197077996
2770 0.0007483974532793908
2771 0.001236482748896385
2772 0.001236482748896385
2773 0.00014100241873379828
2774 0.000162695098538998
2775 0.0007483974532793908
2776 0.0007483974532793908
2777 0.00034708287688319574
2778 0.000325390197077996
2779 0.001236482748896385
2780 0.001236482748896385
2781 0.0001301560788311984
2782 0.0002603121576623968
2783 0.0007483974532793908
2784 0.001236482748896385
2785 0.0008893998720131891
2786 0.001236482748896385
2787 0.0002386194778571971
2788 0.001236482748896385
2789 9.761705912339881e-05
2790 4.338535961039947e-05
2791 0.001236482748896385
2792 0.00010846339902599868
2793 0.000162695098538998
2794 0.0002386194778571971
2795 0.001236482748896385
2796 0.00034708287688319574
2797 0.00034708287688319574
2798 0.0002386194778571971
2799 0.00034708287688319574
2800 0.0006724730739611918
2801 0.001236482748896385
2802 0.001236482748896385
2803 0.000162695098538998
2804 0.0007483974532793908
2805 0.001236482748896385
2806 5.423169951299934e-05
2807 0.001236482748896385
2808 0.0007050120936689914
2809 0.00034708287688319574
2810 0.00029285117737019644
2811 0.001236482748896385
2812 1.0846339902599867e-05
2813 0.0007483974532793908
2814 0.0005097779754221937
2815 0.001236482748896385
2816 0.00036877555668839553
2817 5.423169951299934e-05
2818 0.0002386194778571971
2819 0.0004338535961039947
2820 0.0006182413744481925
2821 0.0009436315715261885
2822 0.0002711584975649967
2823 0.0006616267340585919
2824 0.001236482748896385
2825 0.0005097779754221937
2826 0.000162695098538998
2827 0.0007483974532793908
2828 0.000650780394155992
2829 0.00017354143844159787
2830 0.0001301560788311984
2831 0.0001301560788311984
2832 0.00015184875863639814
2833 0.001236482748896385
2834 0.00014100241873379828
2835 0.0002386194778571971
2836 0.0009327852316235886
2837 0.001236482748896385
2838 0.001236482748896385
2839 0.001236482748896385
2840 0.000162695098538998
2841 0.00014100241873379828
2842 0.000162695098538998
2843 0.001236482748896385
2844 0.00037962189659099537
2845 0.0002386194778571971
2846 0.0005423169951299934
2847 0.0011930973892859853
2848 0.0007483974532793908
2849 0.0007483974532793908
2850 3.25390197077996e-05
2851 3.25390197077996e-05
2852 0.001236482748896385
2853 0.00010846339902599868
2854 0.0002386194778571971
2855 0.0001301560788311984
2856 0.0002386194778571971
2857 0.001236482748896385
2858 0.0007483974532793908
2859 0.001236482748896385
2860 4.338535961039947e-05
2861 0.0002603121576623968
2862 0.001236482748896385
2863 0.0006182413744481925
2864 0.0002711584975649967
2865 0.0007483974532793908
2866 3.25390197077996e-05
2867 0.000488085295616994
2868 6.50780394155992e-05
2869 0.000162695098538998
2870 3.25390197077996e-05
2871 0.00017354143844159787
2872 0.0001301560788311984
2873 0.0006616267340585919
2874 0.001236482748896385
2875 0.00034708287688319574
2876 0.000162695098538998
2877 0.00035792921678579564
2878 6.50780394155992e-05
2879 0.0007483974532793908
2880 8.677071922079894e-05
2881 9.761705912339881e-05
2882 0.00015184875863639814
2883 0.00011930973892859855
2884 4.338535961039947e-05
2885 0.0007267047734741912
2886 0.00034708287688319574
2887 0.001236482748896385
2888 0.0007483974532793908
2889 0.0009436315715261885
2890 0.0007483974532793908
2891 0.001236482748896385
2892 0.0006073950345455926
2893 9.761705912339881e-05
2894 0.001236482748896385
2895 0.001236482748896385
2896 0.001236482748896385
2897 0.0007483974532793908
2898 0.0006290877143507923
2899 0.0004013145763961951
2900 0.000162695098538998
2901 0.0007483974532793908
2902 0.0003036975172727963
2903 0.0011605583695781859
2904 0.0007483974532793908
2905 0.0004338535961039947
2906 0.0002386194778571971
2907 2.1692679805199734e-05
2908 0.001236482748896385
2909 2.1692679805199734e-05
2910 0.0012147900690911851
2911 0.001236482748896385
2912 0.0001301560788311984
2913 5.423169951299934e-05
2914 0.000162695098538998
2915 0.0010954803301625865
2916 0.0001301560788311984
2917 0.0007483974532793908
2918 0.001236482748896385
2919 5.423169951299934e-05
2920 0.000325390197077996
2921 0.001236482748896385
2922 0.00022777313795459722
2923 0.00015184875863639814
2924 0.0007483974532793908
2925 0.0008785535321105893
2926 0.001236482748896385
2927 0.0005206243153247936
2928 0.00034708287688319574
2929 0.00015184875863639814
2930 0.001236482748896385
2931 4.338535961039947e-05
2932 0.0011714047094807858
2933 0.001236482748896385
2934 0.0007483974532793908
2935 0.0007483974532793908
2936 0.0007483974532793908
2937 0.0007483974532793908
2938 0.0007483974532793908
2939 0.0001301560788311984
2940 7.592437931819907e-05
2941 0.00011930973892859855
2942 0.0007483974532793908
2943 5.423169951299934e-05
2944 0.00044469993600659456
2945 0.00034708287688319574
2946 0.001236482748896385
2947 0.001236482748896385
2948 0.00014100241873379828
2949 0.00014100241873379828
2950 0.0001301560788311984
2951 0.0002386194778571971
2952 0.001236482748896385
2953 2.1692679805199734e-05
2954 5.423169951299934e-05
2955 0.00028200483746759655
2956 0.0002711584975649967
2957 0.00019523411824679763
2958 0.0010954803301625865
2959 0.0007483974532793908
2960 0.00015184875863639814
2961 5.423169951299934e-05
2962 0.0006399340542533922
2963 0.000650780394155992
2964 0.00034708287688319574
2965 0.001236482748896385
2966 0.000162695098538998
2967 1.0846339902599867e-05
2968 0.001236482748896385
2969 0.001236482748896385
2970 0.00029285117737019644
2971 8.677071922079894e-05
2972 0.001236482748896385
2973 0.0005314706552273935
2974 6.50780394155992e-05
2975 0.001236482748896385
2976 0.001236482748896385
2977 0.001236482748896385
2978 0.0011280193498703862
2979 0.001236482748896385
2980 0.000976170591233988
2981 0.0007483974532793908
2982 0.0012147900690911851
2983 0.0002386194778571971
2984 6.50780394155992e-05
2985 0.001236482748896385
2986 0.001236482748896385
2987 0.001236482748896385
2988 0.0010954803301625865
2989 0.001236482748896385
2990 3.25390197077996e-05
2991 0.0002060804581493975
2992 0.0007483974532793908
2993 0.00010846339902599868
2994 0.00014100241873379828
2995 0.00029285117737019644
2996 0.00018438777834419776
2997 0.001236482748896385
2998 0.0010412486306495873
2999 0.001225636408993785
3000 0.0004013145763961951
3001 0.00014100241873379828
3002 0.001236482748896385
3003 0.0011714047094807858
3004 5.423169951299934e-05
3005 0.00019523411824679763
3006 0.0007483974532793908
3007 0.00034708287688319574
3008 0.00014100241873379828
3009 0.00034708287688319574
3010 0.001236482748896385
3011 0.00011930973892859855
3012 0.0007483974532793908
3013 0.0007050120936689914
3014 0.001236482748896385
3015 0.000997863271039188
3016 0.0007483974532793908
3017 0.001236482748896385
3018 0.0006941657537663915
3019 2.1692679805199734e-05
3020 0.0007483974532793908
3021 0.0007483974532793908
3022 0.00014100241873379828
3023 0.001236482748896385
3024 0.001236482748896385
3025 0.001236482748896385
3026 0.000488085295616994
3027 0.001236482748896385
3028 0.00017354143844159787
3029 0.0008026291527923902
3030 0.001236482748896385
3031 0.0007267047734741912
3032 0.0005206243153247936
3033 0.000249465817759797
3034 0.001236482748896385
3035 0.0002386194778571971
3036 0.000325390197077996
3037 0.00010846339902599868
3038 0.001236482748896385
3039 0.0007483974532793908
3040 0.0007483974532793908
3041 0.00015184875863639814
3042 0.001236482748896385
3043 0.00034708287688319574
3044 5.423169951299934e-05
3045 0.0001301560788311984
3046 0.001225636408993785
3047 0.001236482748896385
3048 0.001236482748896385
3049 0.0003145438571753962
3050 0.00034708287688319574
3051 0.000162695098538998
3052 0.0007483974532793908
3053 0.001236482748896385
3054 0.001138865689772986
3055 6.50780394155992e-05
3056 0.00034708287688319574
3057 3.25390197077996e-05
3058 0.00019523411824679763
3059 0.00034708287688319574
3060 0.0002386194778571971
3061 0.001236482748896385
3062 0.0003362365369805959
3063 0.00034708287688319574
3064 0.00017354143844159787
3065 0.0007483974532793908
3066 0.0007483974532793908
3067 0.000162695098538998
3068 0.00034708287688319574
3069 0.001225636408993785
3070 0.00034708287688319574
3071 0.00034708287688319574
3072 0.0007483974532793908
3073 0.0001301560788311984
3074 5.423169951299934e-05
3075 0.0004338535961039947
3076 0.0007050120936689914
3077 0.001236482748896385
3078 0.001236482748896385
3079 0.00010846339902599868
3080 0.00034708287688319574
3081 0.0003362365369805959
3082 0.00034708287688319574
3083 0.00034708287688319574
3084 5.423169951299934e-05
3085 6.50780394155992e-05
3086 0.00014100241873379828
3087 0.00021692679805199736
3088 0.00019523411824679763
3089 6.50780394155992e-05
3090 0.0002060804581493975
3091 5.423169951299934e-05
3092 0.000162695098538998
3093 0.00014100241873379828
3094 3.25390197077996e-05
3095 6.50780394155992e-05
3096 6.50780394155992e-05
3097 5.423169951299934e-05
3098 0.00022777313795459722
3099 0.00022777313795459722
3100 0.00018438777834419776
3101 0.00015184875863639814
3102 7.592437931819907e-05
3103 0.000162695098538998
3104 0.00022777313795459722
3105 5.423169951299934e-05
3106 0.00015184875863639814
3107 0.00010846339902599868
3108 0.00014100241873379828
3109 6.50780394155992e-05
3110 0.00017354143844159787
3111 0.000162695098538998
3112 0.00014100241873379828
3113 0.0001301560788311984
3114 0.00014100241873379828
3115 2.1692679805199734e-05
3116 0.00014100241873379828
3117 0.00014100241873379828
3118 0.00010846339902599868
3119 0.00018438777834419776
3120 0.00010846339902599868
3121 0.00011930973892859855
3122 0.00014100241873379828
3123 0.00022777313795459722
3124 0.0001301560788311984
3125 3.25390197077996e-05
3126 0.0001301560788311984
3127 0.00011930973892859855
3128 0.00021692679805199736
3129 0.00011930973892859855
3130 0.00010846339902599868
3131 9.761705912339881e-05
3132 0.0001301560788311984
3133 0.00017354143844159787
3134 0.000162695098538998
3135 5.423169951299934e-05
3136 0.00022777313795459722
3137 4.338535961039947e-05
3138 6.50780394155992e-05
3139 0.00019523411824679763
3140 8.677071922079894e-05
3141 0.00015184875863639814
3142 3.25390197077996e-05
3143 0.00022777313795459722
3144 0.00010846339902599868
3145 0.00019523411824679763
3146 0.00015184875863639814
3147 0.0001301560788311984
3148 0.0001301560788311984
3149 0.00022777313795459722
3150 6.50780394155992e-05
3151 0.00010846339902599868
3152 5.423169951299934e-05
3153 0.00011930973892859855
3154 0.000162695098538998
3155 7.592437931819907e-05
3156 0.0001301560788311984
3157 0.000162695098538998
3158 0.00014100241873379828
3159 0.0001301560788311984
3160 0.00011930973892859855
3161 4.338535961039947e-05
3162 0.00022777313795459722
3163 8.677071922079894e-05
3164 0.00011930973892859855
3165 0.00014100241873379828
3166 0.00022777313795459722
3167 0.0001301560788311984
3168 9.761705912339881e-05
3169 0.000162695098538998
3170 7.592437931819907e-05
3171 0.00011930973892859855
3172 0.0001301560788311984
3173 0.00021692679805199736
3174 0.000162695098538998
3175 0.0002060804581493975
3176 0.00022777313795459722
3177 0.00014100241873379828
3178 5.423169951299934e-05
3179 6.50780394155992e-05
3180 0.00010846339902599868
3181 0.00011930973892859855
3182 0.00014100241873379828
3183 0.0001301560788311984
3184 5.423169951299934e-05
3185 0.00011930973892859855
3186 5.423169951299934e-05
3187 0.00021692679805199736
3188 0.00011930973892859855
3189 0.00022777313795459722
3190 7.592437931819907e-05
3191 3.25390197077996e-05
3192 0.00022777313795459722
3193 6.50780394155992e-05
3194 8.677071922079894e-05
3195 4.338535961039947e-05
3196 6.50780394155992e-05
3197 0.00014100241873379828
3198 5.423169951299934e-05
3199 6.50780394155992e-05
3200 0.000162695098538998
3201 0.00014100241873379828
3202 0.0001301560788311984
3203 9.761705912339881e-05
3204 0.00022777313795459722
3205 0.00015184875863639814
3206 0.00017354143844159787
3207 2.1692679805199734e-05
3208 0.0001301560788311984
3209 0.00011930973892859855
3210 0.000162695098538998
3211 0.00011930973892859855
3212 3.25390197077996e-05
3213 5.423169951299934e-05
3214 0.00011930973892859855
3215 0.00014100241873379828
3216 0.000162695098538998
3217 0.0001301560788311984
3218 7.592437931819907e-05
3219 0.00017354143844159787
3220 0.00015184875863639814
3221 0.00022777313795459722
3222 0.00022777313795459722
3223 0.00022777313795459722
3224 0.0001301560788311984
3225 6.50780394155992e-05
3226 6.50780394155992e-05
3227 0.00015184875863639814
3228 6.50780394155992e-05
3229 0.00022777313795459722
3230 0.0001301560788311984
3231 1.0846339902599867e-05
3232 0.000162695098538998
3233 0.000162695098538998
3234 7.592437931819907e-05
3235 0.000162695098538998
3236 0.00010846339902599868
3237 0.00011930973892859855
3238 0.00022777313795459722
3239 2.1692679805199734e-05
3240 9.761705912339881e-05
3241 0.000162695098538998
3242 6.50780394155992e-05
3243 0.00014100241873379828
3244 0.00014100241873379828
3245 8.677071922079894e-05
3246 0.00022777313795459722
3247 0.00022777313795459722
3248 0.00015184875863639814
3249 0.00021692679805199736
3250 7.592437931819907e-05
3251 0.00022777313795459722
3252 0.0001301560788311984
3253 0.00011930973892859855
3254 8.677071922079894e-05
3255 0.00015184875863639814
3256 6.50780394155992e-05
3257 0.00014100241873379828
3258 0.00019523411824679763
3259 3.25390197077996e-05
3260 0.00014100241873379828
3261 7.592437931819907e-05
3262 0.00010846339902599868
3263 0.00014100241873379828
3264 6.50780394155992e-05
3265 0.00022777313795459722
3266 5.423169951299934e-05
3267 0.00017354143844159787
3268 0.00011930973892859855
3269 0.000162695098538998
3270 0.0001301560788311984
3271 9.761705912339881e-05
3272 3.25390197077996e-05
3273 0.00022777313795459722
3274 0.00014100241873379828
3275 0.00022777313795459722
3276 0.000162695098538998
3277 3.25390197077996e-05
3278 6.50780394155992e-05
3279 0.00011930973892859855
3280 0.00022777313795459722
3281 9.761705912339881e-05
3282 0.00018438777834419776
3283 0.00015184875863639814
3284 0.00010846339902599868
3285 0.0001301560788311984
3286 0.00014100241873379828
3287 6.50780394155992e-05
3288 0.00014100241873379828
3289 0.00011930973892859855
3290 0.00022777313795459722
3291 4.338535961039947e-05
3292 0.00010846339902599868
3293 0.0001301560788311984
3294 0.00018438777834419776
3295 0.00011930973892859855
3296 0.00015184875863639814
3297 7.592437931819907e-05
3298 5.423169951299934e-05
3299 4.338535961039947e-05
3300 6.50780394155992e-05
3301 0.00011930973892859855
3302 7.592437931819907e-05
3303 4.338535961039947e-05
3304 8.677071922079894e-05
3305 0.00018438777834419776
3306 0.00010846339902599868
3307 6.50780394155992e-05
3308 0.0002060804581493975
3309 7.592437931819907e-05
3310 0.00022777313795459722
3311 3.25390197077996e-05
3312 0.00022777313795459722
3313 0.0001301560788311984
3314 4.338535961039947e-05
3315 0.00022777313795459722
3316 4.338535961039947e-05
3317 6.50780394155992e-05
3318 0.000162695098538998
3319 5.423169951299934e-05
3320 0.000162695098538998
3321 0.00022777313795459722
3322 0.00010846339902599868
3323 0.00022777313795459722
3324 2.1692679805199734e-05
3325 0.0001301560788311984
3326 2.1692679805199734e-05
3327 0.00022777313795459722
3328 0.00021692679805199736
3329 0.00011930973892859855
3330 0.0001301560788311984
3331 0.00018438777834419776
3332 0.00010846339902599868
3333 6.50780394155992e-05
3334 0.0001301560788311984
3335 0.00022777313795459722
3336 0.00011930973892859855
3337 0.000162695098538998
3338 0.000162695098538998
3339 0.00019523411824679763
3340 0.0001301560788311984
3341 0.000162695098538998
3342 0.00015184875863639814
3343 7.592437931819907e-05
3344 0.000162695098538998
3345 0.000162695098538998
3346 0.00014100241873379828
3347 6.50780394155992e-05
3348 2.1692679805199734e-05
3349 0.00015184875863639814
3350 0.00014100241873379828
3351 0.00022777313795459722
3352 0.000162695098538998
3353 5.423169951299934e-05
3354 5.423169951299934e-05
3355 0.00011930973892859855
3356 0.00014100241873379828
3357 4.338535961039947e-05
3358 0.000162695098538998
3359 0.00022777313795459722
3360 0.00022777313795459722
3361 2.1692679805199734e-05
3362 0.00022777313795459722
3363 0.00015184875863639814
3364 0.00011930973892859855
3365 0.00022777313795459722
3366 0.00014100241873379828
3367 0.00011930973892859855
3368 0.000162695098538998
3369 0.000162695098538998
3370 3.25390197077996e-05
3371 0.00011930973892859855
3372 2.1692679805199734e-05
3373 4.338535961039947e-05
3374 0.0001301560788311984
3375 0.00021692679805199736
3376 0.00014100241873379828
3377 0.000162695098538998
3378 7.592437931819907e-05
3379 7.592437931819907e-05
3380 0.00022777313795459722
3381 0.0001301560788311984
3382 0.00015184875863639814
3383 0.0001301560788311984
3384 0.0001301560788311984
3385 0.00014100241873379828
3386 0.00015184875863639814
3387 0.00010846339902599868
3388 0.00014100241873379828
3389 3.25390197077996e-05
3390 9.761705912339881e-05
3391 8.677071922079894e-05
3392 0.00014100241873379828
3393 0.00010846339902599868
3394 8.677071922079894e-05
3395 5.423169951299934e-05
3396 6.50780394155992e-05
3397 0.00011930973892859855
3398 0.0001301560788311984
3399 5.423169951299934e-05
3400 0.0001301560788311984
3401 9.761705912339881e-05
3402 0.00010846339902599868
3403 9.761705912339881e-05
3404 0.0001301560788311984
3405 3.25390197077996e-05
3406 0.00014100241873379828
3407 0.0001301560788311984
3408 0.00010846339902599868
3409 0.000162695098538998
3410 0.00014100241873379828
3411 0.00011930973892859855
3412 0.00022777313795459722
3413 0.0001301560788311984
3414 0.0001301560788311984
3415 0.000162695098538998
3416 0.000162695098538998
3417 4.338535961039947e-05
3418 9.761705912339881e-05
3419 0.00022777313795459722
3420 6.50780394155992e-05
3421 0.00022777313795459722
3422 0.00014100241873379828
3423 0.0001301560788311984
3424 0.00022777313795459722
3425 4.338535961039947e-05
3426 1.0846339902599867e-05
3427 0.0001301560788311984
3428 0.00015184875863639814
3429 2.1692679805199734e-05
3430 5.423169951299934e-05
3431 6.50780394155992e-05
3432 5.423169951299934e-05
3433 0.00014100241873379828
3434 0.00014100241873379828
3435 0.00011930973892859855
3436 0.0001301560788311984
3437 0.000162695098538998
3438 9.761705912339881e-05
3439 0.00022777313795459722
3440 0.0001301560788311984
3441 0.000162695098538998
3442 6.50780394155992e-05
3443 0.00022777313795459722
3444 0.00014100241873379828
3445 0.00022777313795459722
3446 0.000162695098538998
3447 0.00010846339902599868
3448 0.000162695098538998
3449 6.50780394155992e-05
3450 0.000162695098538998
3451 0.0001301560788311984
3452 0.0001301560788311984
3453 0.00022777313795459722
3454 4.338535961039947e-05
3455 0.00010846339902599868
3456 0.00022777313795459722
3457 0.00021692679805199736
3458 7.592437931819907e-05
3459 4.338535961039947e-05
3460 0.00018438777834419776
3461 6.50780394155992e-05
3462 4.338535961039947e-05
3463 3.25390197077996e-05
3464 0.00011930973892859855
3465 0.00022777313795459722
3466 0.00018438777834419776
3467 0.0001301560788311984
3468 0.00010846339902599868
3469 0.00022777313795459722
3470 5.423169951299934e-05
3471 0.00022777313795459722
3472 6.50780394155992e-05
3473 6.50780394155992e-05
3474 6.50780394155992e-05
3475 0.00014100241873379828
3476 0.000162695098538998
3477 0.00011930973892859855
3478 0.000162695098538998
3479 0.00015184875863639814
3480 8.677071922079894e-05
3481 0.00022777313795459722
3482 0.00011930973892859855
3483 8.677071922079894e-05
3484 0.00022777313795459722
3485 9.761705912339881e-05
3486 6.50780394155992e-05
3487 0.00014100241873379828
3488 3.25390197077996e-05
3489 0.00011930973892859855
3490 0.00022777313795459722
3491 0.00021692679805199736
3492 7.592437931819907e-05
3493 0.00015184875863639814
3494 4.338535961039947e-05
3495 0.00017354143844159787
3496 0.00011930973892859855
3497 5.423169951299934e-05
3498 5.423169951299934e-05
3499 9.761705912339881e-05
3500 0.00015184875863639814
3501 3.25390197077996e-05
3502 0.00011930973892859855
3503 6.50780394155992e-05
3504 0.000162695098538998
3505 6.50780394155992e-05
3506 0.00022777313795459722
3507 0.00015184875863639814
3508 4.338535961039947e-05
3509 6.50780394155992e-05
3510 0.000162695098538998
3511 0.000162695098538998
3512 4.338535961039947e-05
3513 0.00015184875863639814
3514 3.25390197077996e-05
3515 6.50780394155992e-05
3516 0.00011930973892859855
3517 0.00018438777834419776
3518 6.50780394155992e-05
3519 0.00014100241873379828
3520 5.423169951299934e-05
3521 0.00011930973892859855
3522 0.0001301560788311984
3523 0.00011930973892859855
3524 0.0001301560788311984
3525 0.000162695098538998
3526 0.000162695098538998
3527 4.338535961039947e-05
3528 0.00022777313795459722
3529 0.0001301560788311984
3530 2.1692679805199734e-05
3531 0.00011930973892859855
3532 0.00022777313795459722
3533 0.00014100241873379828
3534 6.50780394155992e-05
3535 0.0001301560788311984
3536 5.423169951299934e-05
3537 0.0001301560788311984
3538 0.00022777313795459722
3539 3.25390197077996e-05
3540 5.423169951299934e-05
3541 0.00022777313795459722
3542 0.00011930973892859855
3543 0.00014100241873379828
3544 3.25390197077996e-05
3545 0.00015184875863639814
3546 0.00022777313795459722
3547 5.423169951299934e-05
3548 7.592437931819907e-05
3549 0.000162695098538998
3550 3.25390197077996e-05
3551 3.25390197077996e-05
3552 2.1692679805199734e-05
3553 2.1692679805199734e-05
3554 0.00014100241873379828
3555 0.0001301560788311984
3556 7.592437931819907e-05
3557 0.0001301560788311984
3558 5.423169951299934e-05
3559 0.00022777313795459722
3560 4.338535961039947e-05
3561 0.0001301560788311984
3562 3.25390197077996e-05
3563 0.00022777313795459722
3564 0.0001301560788311984
3565 0.00022777313795459722
3566 0.00015184875863639814
3567 4.338535961039947e-05
3568 0.00022777313795459722
3569 0.00014100241873379828
3570 7.592437931819907e-05
3571 0.0001301560788311984
3572 0.00014100241873379828
3573 7.592437931819907e-05
3574 3.25390197077996e-05
3575 6.50780394155992e-05
3576 6.50780394155992e-05
3577 1.0846339902599867e-05
3578 5.423169951299934e-05
3579 5.423169951299934e-05
3580 5.423169951299934e-05
3581 3.25390197077996e-05
3582 3.25390197077996e-05
3583 2.1692679805199734e-05
3584 2.1692679805199734e-05
3585 5.423169951299934e-05
3586 6.50780394155992e-05
3587 5.423169951299934e-05
3588 2.1692679805199734e-05
3589 6.50780394155992e-05
3590 6.50780394155992e-05
3591 2.1692679805199734e-05
3592 5.423169951299934e-05
3593 4.338535961039947e-05
3594 4.338535961039947e-05
3595 5.423169951299934e-05
3596 2.1692679805199734e-05
3597 1.0846339902599867e-05
3598 3.25390197077996e-05
3599 6.50780394155992e-05
3600 3.25390197077996e-05
3601 4.338535961039947e-05
3602 5.423169951299934e-05
3603 3.25390197077996e-05
3604 5.423169951299934e-05
3605 6.50780394155992e-05
3606 6.50780394155992e-05
3607 4.338535961039947e-05
3608 5.423169951299934e-05
3609 6.50780394155992e-05
3610 3.25390197077996e-05
3611 5.423169951299934e-05
3612 4.338535961039947e-05
3613 1.0846339902599867e-05
3614 6.50780394155992e-05
3615 4.338535961039947e-05
3616 1.0846339902599867e-05
3617 2.1692679805199734e-05
3618 1.0846339902599867e-05
3619 1.0846339902599867e-05
3620 3.25390197077996e-05
3621 4.338535961039947e-05
