114 1
0 0.008705114254624592
1 0.008705114254624592
2 0.008705114254624592
3 0.008705114254624592
4 0.008705114254624592
5 0.008705114254624592
6 0.008705114254624592
7 0.008705114254624592
8 0.008705114254624592
9 0.008705114254624592
10 0.008705114254624592
11 0.008705114254624592
12 0.008705114254624592
13 0.008705114254624592
14 0.008705114254624592
15 0.008705114254624592
16 0.008705114254624592
17 0.008705114254624592
18 0.008705114254624592
19 0.008705114254624592
20 0.008705114254624592
21 0.008705114254624592
22 0.008705114254624592
23 0.008705114254624592
24 0.008705114254624592
25 0.008705114254624592
26 0.008705114254624592
27 0.008705114254624592
28 0.008705114254624592
29 0.008705114254624592
30 0.008705114254624592
31 0.008705114254624592
32 0.008705114254624592
33 0.008705114254624592
34 0.008705114254624592
35 0.008705114254624592
36 0.008705114254624592
37 0.008705114254624592
38 0.008705114254624592
39 0.008705114254624592
40 0.008705114254624592
41 0.008705114254624592
42 0.007616974972796518
43 0.008705114254624592
44 0.008705114254624592
45 0.008705114254624592
46 0.008705114254624592
47 0.008705114254624592
48 0.008705114254624592
49 0.008705114254624592
50 0.008705114254624592
51 0.008705114254624592
52 0.008705114254624592
53 0.008705114254624592
54 0.008705114254624592
55 0.008705114254624592
56 0.008705114254624592
57 0.008705114254624592
58 0.008705114254624592
59 0.008705114254624592
60 0.008705114254624592
61 0.008705114254624592
62 0.008705114254624592
63 0.008705114254624592
64 0.008705114254624592
65 0.008705114254624592
66 0.008705114254624592
67 0.008705114254624592
68 0.008705114254624592
69 0.008705114254624592
70 0.008705114254624592
71 0.008705114254624592
72 0.008705114254624592
73 0.008705114254624592
74 0.008705114254624592
75 0.008705114254624592
76 0.008705114254624592
77 0.008705114254624592
78 0.008705114254624592
79 0.008705114254624592
80 0.008705114254624592
81 0.008705114254624592
82 0.008705114254624592
83 0.008705114254624592
84 0.008705114254624592
85 0.008705114254624592
86 0.008705114254624592
87 0.008705114254624592
88 0.008705114254624592
89 0.008705114254624592
90 0.008705114254624592
91 0.008705114254624592
92 0.008705114254624592
93 0.008705114254624592
94 0.008705114254624592
95 0.008705114254624592
96 0.008705114254624592
97 0.008705114254624592
98 0.008705114254624592
99 0.008705114254624592
100 0.008705114254624592
101 0.008705114254624592
102 0.008705114254624592
103 0.008705114254624592
104 0.008705114254624592
105 0.008705114254624592
106 0.008705114254624592
107 0.008705114254624592
108 0.008705114254624592
109 0.008705114254624592
110 0.008705114254624592
111 0.008705114254624592
112 0.008705114254624592
113 0.008705114254624592
114 0.008705114254624592
